0.15921746293252687,-0.20486657703447186,0.5410054191302465,0.4227064190379596,0.24674337468238955,0.8714496806070708,-0.031818933424693406
0.15922264282620258,-0.20486645590615987,0.5410051851137392,0.42271370079696036,0.246733125146611,0.8714490022291109,-0.03182025499287662
0.1592582786459729,-0.2048656197853891,0.5410035746356775,0.4227637924467401,0.24666261876245907,0.8714443303341824,-0.031829348559208555
0.15935312893684056,-0.2048633704840511,0.5409992836013822,0.42289708299076506,0.24647501257823987,0.8714318537162717,-0.031853566536274705
0.1595341350276271,-0.20485898190893653,0.5409910767079857,0.42315129992803796,0.24611722934634178,0.8714078763985006,-0.03189983916491217
0.15982645880871998,-0.20485162795527823,0.5409777721539408,0.4235614541410746,0.24554005457832223,0.8713686895049543,-0.03197472617539428
0.16025352004313778,-0.20484029294524633,0.5409582227518972,0.4241597574508602,0.24469827633854918,0.8713104153719182,-0.03208447881118994
0.16083703270093638,-0.20482367035969157,0.5409312942289946,0.42497552067568095,0.24355085455742623,0.8712288366581941,-0.03223510890304425
0.16159703963421518,-0.20480005503054702,0.5408958412812988,0.42603503884120547,0.24206110821722684,0.8711192231686059,-0.03243246204569123
0.1625519447736299,-0.20476723340860714,0.5408506817561678,0.4273614691022708,0.24019691016020198,0.8709761689325398,-0.0326822922671691
0.16371854194515767,-0.2047223759940881,0.5407945691772151,0.4289747059787289,0.23793088045055658,0.8707934516844091,-0.032990335888538995
0.16511203938883173,-0.20466193551311004,0.5407261637072774,0.43089125769469044,0.23524057016127586,0.8705639262129061,-0.03336238254764694
0.166746079113959,-0.20458155394000957,0.5406440015687236,0.43312412675018563,0.23210862814062547,0.8702794620455682,-0.03380434160344556
0.16863275034699665,-0.20447598100119807,0.5405464629086114,0.4356826973466923,0.22852294374593735,0.8699309346011063,-0.03432230234770808
0.17078259651282923,-0.20433900634919067,0.5404317381080448,0.438572631926752,0.2244767587372585,0.8695082772778452,-0.03492258663057982
0.1732046154274248,-0.20416340716356784,0.5402977925885641,0.44179577886121807,0.21996874154272145,0.8690005999699617,-0.035611792658720845
0.17590625265603152,-0.20394091251739593,0.5401423302604713,0.44535009320935237,0.21500301700078892,0.8683963772427391,-0.036396828854530903
0.1788933882899577,-0.20366218544212727,0.5399627558845737,0.4492295724673984,0.20958914452663738,0.867683706892553,-0.037284936778125194
0.1821703176987466,-0.2033168232312982,0.5397561367750001,0.4534242092882814,0.20374203752718004,0.8668506369150991,-0.0382837022172222
0.18573972710499465,-0.2028933761450753,0.5395191644506494,0.4579199632749164,0.19748181689479186,0.8658855560646492,-0.03940105365144903
0.1896026650887052,-0.20237938431729807,0.5392481170396143,0.462698754097633,0.19083359163853444,0.8647776402765424,-0.04064524740446659
0.1937585113414242,-0.20176143232967342,0.5389388234467101,0.46773847833771265,0.18382716025408583,0.8635173443244855,-0.042024838917331504
0.19820494414513,-0.20102522061179123,0.5385866304999704,0.47301305258987353,0.1764966273697194,0.8620969252848317,-0.04354863971656615
0.2029379081389026,-0.2001556525600361,0.5381863744874862,0.4784924854439425,0.16887993159874398,0.860510981784108,-0.0452256598164408
0.2079515839548832,-0.19913693605379243,0.5377323586700119,0.4841429809890241,0.16101828241917773,0.8587569907255601,-0.047065035491537614
0.21323836125693915,-0.19795269789423894,0.5372183384952456,0.48992707642388417,0.15295550630105673,0.8568358213440149,-0.04907594258555039
0.21878881660979618,-0.19658610960905293,0.5366375163339331,0.49580381619973796,0.14473730518972425,0.8547522051471946,-0.051267495786328506
0.22459169745813568,-0.19502002306232602,0.5359825475932855,0.5017289648545503,0.1364104337725858,0.8525151396838451,-0.05364863459390607
0.23063391332422867,-0.19323711438552,0.5352455600274817,0.5076552603137309,0.12802180561238902,0.8501382042427508,-0.05622799703397594
0.23690053516277598,-0.19122003489908768,0.5344181879475061,0.5135327089276683,0.11961754209029997,0.8476397666217862,-0.05901378251772863
0.24337480366807376,-0.18895156791513631,0.5334916228246682,0.51930892289357,0.11124198200108874,0.8450430620759016,-0.06201360561178114
0.25003814723598844,-0.18641479058111343,0.5324566814784228,0.5249294999742228,0.10293667338640129,0.842376128485421,-0.06523434284843632
0.2568702102624454,-0.1835932402170661,0.5313038926381224,0.5303384445912777,0.09473937256599071,0.8396715856664239,-0.06868197506435245
0.2638488925255755,-0.1804710848818046,0.5300236021734674,0.535478628452109,0.08668307810703599,0.836966251509319,-0.07236142809105622
0.2709504005554354,-0.17703329813851756,0.5286060967084831,0.540292287888573,0.0787951294376626,0.8343005931630119,-0.07627641491889796
0.2781493121368793,-0.17326583813809915,0.5270417446834778,0.5447215540686087,0.07109640075940044,0.831718017609437,-0.08042928270205363
0.2854186553984976,-0.16915583116019636,0.5253211532290911,0.5487090112167697,0.06360062067377076,0.8292640124745925,-0.08482086815144595
0.29273000428130863,-0.16469175961504126,0.5234353384921552,0.552198276979319,0.05631384638666025,0.8269851545308803,-0.08945036496150757
0.30005359251117336,-0.1598636541908518,0.521375906335326,0.5551345981271042,0.049234118426649306,0.8249280097607987,-0.09431520692389267
0.3073584484658085,-0.15466328932359913,0.519135239655401,0.5574654539392997,0.04235131751651036,0.8231379547532557,-0.09941097028745546
0.3146125534731512,-0.14908438047732983,0.5167066879648753,0.5591411588867462,0.03564723965425746,0.8216579542678342,-0.10473129872304625
0.32178302604563264,-0.14312278088265726,0.5140847543934761,0.5601154556665764,0.029095898754356454,0.8205273337227691,-0.11026785394167829
0.32883633429431885,-0.1367766744367974,0.5112652749246844,0.560346089258153,0.022664058610068576,0.8197805878696464,-0.11601029459712014
0.3357385382405237,-0.1300467604869352,0.5082455845156428,0.5597953524975109,0.0163119877712094,0.8194462677986598,-0.12194628558503395
0.3424555629317994,-0.1229364252801007,0.5050246647795993,0.558430593720989,0.009994422548295908,0.8195459875331169,-0.1280615392407815
0.3489535021788215,-0.11545189405573213,0.5016032681517499,0.5562246773192123,0.0036617151497184922,0.820093588768513,-0.1343398892514117
0.35519895139023355,-0.10760235717129084,0.4979840139154311,0.5531563885730068,-0.0027388636584257343,0.8210944978335583,-0.14076339735238727
0.3611593664509087,-0.09940006336900054,0.4941714521283384,0.5492107749080115,-0.009261704613259321,0.8225453028402567,-0.1473124920976789
0.3668034439461726,-0.09086037337987239,0.4901720923387564,0.5443794166912359,-0.015961365269370465,0.8244335714843475,-0.15396613819671798
0.37210151638034333,-0.08200176756349738,0.4859943949896727,0.5386606218789898,-0.022891046744663718,0.8267379213770173,-0.16070203412863932
0.377025954484388,-0.07284580221367748,0.4816487245345922,0.532059540182421,-0.030101089859657103,0.8294283455220566,-0.16749683499898008
0.3815515673696327,-0.06341701050353947,0.4771472644856052,0.5245881939085347,-0.03763753843119339,0.832466786033495,-0.17432639692165164
0.3856559902707659,-0.05374274574913012,0.47250389582950214,0.5162654242199333,-0.045540815279754863,0.8358079398713075,-0.1811660386130589
0.3893200490241296,-0.04385296665684325,0.4677340414269886,0.5071167531904882,-0.05384455239884252,0.8394002717041963,-0.18799081539646345
0.3925280903140959,-0.033779966381475436,0.46285448009994434,0.49717416366941464,-0.06257461091051052,0.8431872014018961,-0.19477580045029907
0.3952682671275853,-0.023558049434848,0.45788313506293277,0.4864758005549906,-0.07174831918022606,0.8471084274692745,-0.20149636790703268
0.3975327697857653,-0.013223162618547057,0.45283884212567327,0.475065598575022,-0.08137394914759608,0.8511013432355624,-0.208128472327315
0.3993179943381223,-0.002812488079532143,0.44774110365031283,0.4629928430309151,-0.09145044195921952,0.8551024999843349,-0.21464891914042916
0.40062464193928315,0.007635991812180677,0.44260983456972236,0.45031167114741627,-0.10196738480357581,0.8590490705300028,-0.22103562085392298
0.40145774498683195,0.01808394688382437,0.43746510685172046,0.4370805226485517,-0.11290523188215318,0.8628802679860232,-0.2272678341852951
0.4018266181618498,0.028493157303822514,0.4323268986325878,0.4233615489272442,-0.1242357541156313,0.8665386775006427,-0.23332637374433718
0.40174473495441054,0.038825965700965,0.4272148538569207,0.40921999067488035,-0.13592269483909256,0.8699714633414781,-0.23919379847984545
0.4012295326434846,0.049045711856607756,0.4221480576757906,0.3947235340798037,-0.14792260267746024,0.8731314196032449,-0.24485456777911746
0.40030215091205135,0.05911713940158041,0.4171448321058767,0.3799416556910269,-0.16018580822171666,0.8759778396554708,-0.2502951648507233
0.3989871112072718,0.06900676520973774,0.4122225555795618,0.3649449657846594,-0.17265750816869208,0.8784771868732091,-0.25550418580670003
0.3973119455185708,0.07868320378313126,0.4073975090641795,0.34980455958254836,-0.18527891927337842,0.880603556832686,-0.26047239366537606
0.3953067843866391,0.08811744077065084,0.402684750442867,0.3345913849793158,-0.19798846473806597,0.8823389286512193,-0.265192737296679
0.39300391464576107,0.0972830517467986,0.3980980178732414,0.31937563456504636,-0.2107229573968884,0.8836732101877685,-0.26966033610549256
0.39043731764084555,0.10615636439463563,0.39364966191279305,0.3042261687200827,-0.22341874705519607,0.8846040881287988,-0.27387243197518546
0.38764219847513265,0.11471656418904844,0.38935060535525756,0.2892099754428937,-0.23601280337200953,0.8851366993562818,-0.2778283106551116
0.38465451628223585,0.12294574547874865,0.38521032898685326,0.2743916713899853,-0.2484437104637935,0.885283144289836,-0.28152919535830473
0.38151052464043994,0.13082891145030134,0.3812368808640411,0.25983304739674745,-0.2606525546808145,0.8850618660399378,-0.2849781158278435
0.37824633013174747,0.1383539277767624,0.3774369062463169,0.24559266054719855,-0.27258369249008507,0.8844969211947538,-0.2881797565250217
0.3748974757710219,0.14551143577885634,0.373815694991673,0.23172547370307145,-0.28418539083707367,0.8836171689378408,-0.29114028788565494
0.37149855466870163,0.15229473164841403,0.37037724303522473,0.21828254231978517,-0.2954103375276059,0.882455405053706,-0.2938671847820658
0.3680828579153538,0.15869961870898794,0.3671243245136046,0.20531074739505079,-0.3062160238850188,0.8810474663556765,-0.2963690364197623
0.3646820593500849,0.16472423983779952,0.364058571155076,0.192852572536682,-0.3165650060517768,0.8794313293226497,-0.29865535189448655
0.3613259386484238,0.1703688970770766,0.36118055571079777,0.18094592241590166,-0.326425054719632,0.8776462244274458,-0.30073636554396477
0.3580421430769769,0.1756358651585575,0.35848987643726765,0.1696239793015733,-0.3357692057307764,0.8757317849506183,-0.3026228460576417
0.3548559873371838,0.18052920519287854,0.3559852399342598,0.15891509395436268,-0.3445757258774195,0.8737272461620756,-0.30432591306617524
0.3517902901718757,0.18505458417613926,0.35366453997764996,0.14884270689737233,-0.35282800935604025,0.8716707077652448,-0.30585686463009787
0.3488652458378431,0.18921910527752187,0.3515249303451085,0.13942529596580583,-0.3605144207514167,0.8695984695592471,-0.3072270186935599
0.346098328147519,0.1930311531286646,0.3495628899995221,0.13067634606218564,-0.3676281002030599,0.8675444474826859,-0.3084475711735889
0.3435042245377158,0.19650025756680847,0.34777427935782046,0.12260433719130254,-0.37416674562747804,0.8655396746298175,-0.3095294729264617
0.341094797511649,0.19963697851317774,0.34615438672181786,0.11521274710165492,-0.380132385628583,0.8636118895208041,-0.3104833273783292
0.3388790707967625,0.20245281391353143,0.3446979642760769,0.1085000651965435,-0.38553115512554553,0.8617852118815393,-0.3113193101338221
0.33686323763702186,0.20496013194209708,0.3433992533613771,0.1024598147740412,-0.3903730838631195,0.8600799044419685,-0.3120471113898692
0.3350506887649462,0.20717212798157653,0.3422519990092465,0.09708058108460427,-0.3946719059425455,0.8585122177727613,-0.31267590148722546
0.3334420577466196,0.2091028062448973,0.3412494539732482,0.09234604313132133,-0.3984448964148147,0.8570943139123681,-0.3132143194332958
0.3320352815335414,0.21076698530122281,0.3403843727175238,0.08823500755238128,-0.40171273889932985,0.8558342634439372,-0.31367048373030487
0.33082567416202757,0.21218032620924931,0.33964899602485593,0.08472144329117406,-0.4044994262090766,0.854736109713178,-0.31405202434560114
0.3298060115892869,0.21335938144469865,0.3390350270676729,0.08177451604926013,-0.40683219414859234,0.8537999929825533,-0.3143661341686529
0.32896662562409845,0.21432166233483974,0.3385335999487118,0.07935862170696709,-0.40874148706427005,0.8530223264456763,-0.3146196378144024
0.3282955047809269,0.21508572228039924,0.33813524186567157,0.07743341796304677,-0.41026095241854826,0.8523960151362865,-0.31481907515740765
0.3277783996454878,0.21567125265349976,0.33782983018798374,0.07595385337067985,-0.4114274606686489,0.8519107078251675,-0.3149707965172562
0.32739892997756126,0.21609918790897653,0.3376065458550963,0.07487019271890838,-0.4122811460822389,0.8515530709815377,-0.315081065964398
0.32713869028876996,0.21639181613435005,0.33745382461555296,0.07412803731924311,-0.4128654638257974,0.8513070727680346,-0.3151561687770466
0.3269773500200946,0.21657289098837423,0.337359307725706,0.07366833820751074,-0.4132272587074224,0.8511542638335057,-0.31520251865258914
0.326892743713345,0.216667740733817,0.3373097938180635,0.0734273995708211,-0.41341684131305534,0.8510740403635246,-0.31522675985758025
0.3268609457361735,0.21670336984725974,0.33729119373527683,0.07333686887921324,-0.4134880678872859,0.8510438734441427,-0.3152358590817713
0.3268563232025764,0.21670854847051357,0.3372884902122618,0.07332370927433039,-0.41349842109019785,0.8510394872857229,-0.3152371813327561
