-1.0471975511965976,-0.3490658503988659,0.4363323129985824,0.6981317007977318,0.8726646259971648,-0.7853981633974483
-1.0471803586561652,-0.34905811375629875,0.4363305937453178,0.6981170871396227,0.8726663452486482,-0.7853878478730673
-1.0470620801361503,-0.34900488842270977,0.4363187658938355,0.6980165503984485,0.8726781730989437,-0.7853168807609774
-1.0467472635799353,-0.3488632209715539,0.4362872842371469,0.6977489563239413,0.8727096547580736,-0.7851279908274142
-1.0461464887882832,-0.3485928723152621,0.43622720675792204,0.6972382977509399,0.8727697322374354,-0.7847675259524322
-1.0451762417566428,-0.3481562611508137,0.43613018205449616,0.6964135877736242,0.8728667569414582,-0.7841853777334895
-1.043758789010718,-0.34751840741522194,0.435988436779996,0.695208752939737,0.8730085022157472,-0.7833349060859203
-1.0418220519431203,-0.34664687573479325,0.4357947630732245,0.6935625264322609,0.8732021759225439,-0.7821728638453636
-1.0392994811494516,-0.3455117188776683,0.4355425059938904,0.6914183412576935,0.8734544330018056,-0.7806593213691566
-1.0361299307647063,-0.34408542120453084,0.4352255509554131,0.6887242234306555,0.8737713880402896,-0.7787575911383099
-1.0322575327995298,-0.3423428421201626,0.43483831115884747,0.685432685160179,0.874158627836964,-0.7764341523592132
-1.0276315714765032,-0.34026115952482,0.43437571502656885,0.6815006180356451,0.8746212239691872,-0.7736585755653922
-1.0222063575664804,-0.33781981326530847,0.43383319363556466,0.6768891862121227,0.8751637453601959,-0.770403447219379
-1.0159411027248373,-0.3350004485865753,0.4332066681514087,0.6715637195967393,0.8757902708443333,-0.7666442943143915
-1.008799793827791,-0.3317868595829015,0.4324925372617001,0.6654936070342437,0.8765044017340508,-0.7623595089761647
-1.000751067308682,-0.32816493264929864,0.43168766460978425,0.6586521894929928,0.8773092743859778,-0.7575302730647007
-0.9917680834942714,-0.3241225899328205,0.4307893662283516,0.6510166532507571,0.8782075727673914,-0.7521404827760515
-0.9818284009410404,-0.3196497327838601,0.4297953979730207,0.6425679230804988,0.8792015410227402,-0.7461766732441164
-0.9709138507714724,-0.3147381852075601,0.4287039429560705,0.6332905554363764,0.8802929960396751,-0.7396279431423723
-0.9590104110103596,-0.3093816373150574,0.427513598979957,0.6231726316394273,0.881483340015793,-0.7324858792857061
-0.9461080809210857,-0.30357558877489244,0.4262233659710403,0.6122056510635607,0.8827735730246867,-0.7247444812321371
-0.9322007553419299,-0.29731729226426445,0.42483263341311456,0.6003844243212615,0.8841643055826368,-0.716400085884648
-0.9172860990223506,-0.29060569692045796,0.42334116778116193,0.5877069664496285,0.8856557712145752,-0.7074512920928976
-0.9013654209592884,-0.2834413917920749,0.4217490999748494,0.5741743900960161,0.8872478390209015,-0.6978988852550638
-0.8844435487334532,-0.2758265492904536,0.4200569127522716,0.5597907987040639,0.888940026243469,-0.6877457619195592
-0.8665287028456224,-0.2677648686409289,0.4182654281634874,0.5445631796994067,0.8907315108322547,-0.6769968543868613
-0.8476323710529325,-0.25926151933421443,0.41637579498421334,0.5285012976756116,0.892621144011541,-0.6656590553112516
-0.8277691827051739,-0.25032308457772334,0.4143894761494378,0.5116175875800177,0.8946074628463145,-0.6537411423025957
-0.806956783081085,-0.2409575047468873,0.41230823618703477,0.49392704789955083,0.896688702808706,-0.6412537025281385
-0.7852157077246421,-0.23117402083648486,0.4101341286513856,0.47544713384656695,0.8988628103443651,-0.6282090573142761
-0.762569256781363,-0.22098311791201125,0.4078694835570609,0.45619765054478467,0.9011274554386832,-0.6146211867483059
-0.7390433693345885,-0.21039646856096375,0.40551689481238445,0.4362006462150284,0.903480044183357,-0.6005056542802404
-0.7146664977417841,-0.19942687634419792,0.4030792076530988,0.4154803053611354,0.9059177313426544,-0.5858795313245632
-0.6894694819708349,-0.18808821924727379,0.4005595060760079,0.394062841955836,0.9084374329197357,-0.5707613218619879
-0.6634854239363327,-0.17639539313174937,0.39796110027256015,0.371976392626513,0.9110358387231791,-0.5551708870412846
-0.6367495618358747,-0.16436425518654174,0.3952875140625124,0.34925090984111984,0.9137094249332322,-0.539129369781012
-0.6092991444863577,-0.15201156737925847,0.3925424723275589,0.32591805509402766,0.9164544666681887,-0.5226591193713033
-0.58117330566027,-0.13935493990751677,0.3897298884449478,0.3020110920918489,0.9192670505508042,-0.5057836160756549
-0.5524129384219859,-0.12641277465028974,0.3868538517211205,0.277564779939309,0.9221430872746296,-0.4885273957326828
-0.5230605694640601,-0.11320420861922466,0.38391861482533046,0.2526152663250765,0.9250783241704148,-0.4709159743579242
-0.49316023344351906,-0.09974905740998156,0.3809285812232766,0.22719998070761738,0.9280683577724682,-0.4529757727455983
-0.46275734731815843,-0.08606775865356879,0.37788829261073953,0.20135752750105884,0.9311086463850076,-0.4347340410703837
-0.4318985846828359,-0.07218131546767335,0.37480241634720723,0.17512757926103395,0.9341945226485406,-0.416218783489191
-0.40063175010576235,-0.058111239907990234,0.371675732889499,0.14855076987052085,0.9373212061062497,-0.3974586827429474
-0.36900565346480074,-0.04387949641955787,0.368513123225404,0.12166858772570405,0.9404838157703437,-0.3784830247583697
-0.33706998428375295,-0.029508445288085577,0.365319556307298,0.09452326892181129,0.9436773826884516,-0.35932162324974287
-0.30487518606866437,-0.015020786091296982,0.36210007648579173,0.06715769043899374,0.9468968625099514,-0.3400047443206822
-0.27247233064410187,-0.0004395011502435874,0.3588597909433346,0.039615263328112785,0.9501371480524109,-0.3205630310659467
-0.23991299248946293,0.01421220101934486,0.3556038571278691,0.011939825896664473,0.9533930818678803,-0.30102742817316896
-0.20724912307526572,0.028910942255733048,0.3523374701864505,-0.015824463105399374,0.9566594688092961,-0.2814291065246473
-0.1745329251994362,0.04363323129985556,0.34906585039886917,-0.04363323129984785,0.9599310885968734,-0.26179938779914286
-0.14181672732360376,0.05835552034398091,0.3457942306112848,-0.07144199949430918,0.9632027083844601,-0.24216966907364698
-0.10915285790940586,0.0730542615803702,0.34252784366986416,-0.09920628849638188,0.9664690953258837,-0.2225713474251323
-0.07659351975476823,0.08770596374995719,0.33927190985440064,-0.12688172592782354,0.9697250291413467,-0.2030357445323499
-0.044190664330207206,0.1022872486910092,0.33603162431194555,-0.15442415303869486,0.9729653146837994,-0.18359403127760762
-0.01199586611511473,0.11677490788780119,0.3328121444904351,-0.18178973152153124,0.9761847945053135,-0.16427715234855927
0.01993980306593144,0.1311459590192721,0.3296185775723309,-0.2089350503254188,0.9793783614234169,-0.14511575083993014
0.05156589970689451,0.14537770250770535,0.3264559679082344,-0.23581723247024075,0.9825409710875145,-0.12614009285535535
0.08283273428396483,0.15944777806738716,0.32332928445052744,-0.2623940418607421,0.9856676545452184,-0.1073799921091048
0.11369149691929008,0.17333422125328277,0.3202434081869953,-0.2886239901007757,0.9887535308087539,-0.08886473452791695
0.14409438304464892,0.18701552000969504,0.3172031195744585,-0.3144664433073263,0.9917938194212883,-0.0706230028526977
0.17399471906519118,0.20047067121893858,0.31421308597240516,-0.33988172892479246,0.9947838530233436,-0.052682801240375624
0.20334708802311788,0.21367923725000537,0.31127784907661266,-0.36483124253903093,0.9977190899191363,-0.03507137986562068
0.23210745526140106,0.22662140250723337,0.30840181235278363,-0.3892775546915647,1.0005951266429636,-0.01781515952264671
0.26023329408748885,0.23927802997897302,0.3055892284701754,-0.41318451769373893,1.0034077105255719,-0.0009396562269932673
0.28768371143700394,0.2516307177862552,0.30284418673522306,-0.43651737244082184,1.0061527522605234,0.015530594182717919
0.3144195735374638,0.2636618557314611,0.3001706005251788,-0.4592428552262265,1.0088263384705702,0.03157211144298717
0.3404036315719654,0.2753546818469872,0.29757219472172775,-0.48132930455554745,1.01142474427402,0.047162546263690985
0.36560064734291314,0.28669333894391436,0.2950524931446318,-0.5027467679608445,1.0139444458511153,0.06228075572626375
0.38997751893571836,0.29766293116067694,0.29261480598535095,-0.5234671088147267,1.016382133010396,0.07690687868194823
0.4135034063824936,0.30824958051172463,0.2902622172406756,-0.5434641131444968,1.0187347217550726,0.09102241115000831
0.4361498573257736,0.31844048343619985,0.28799757214634814,-0.5627135964462909,1.0209993668494004,0.10461028171597277
0.45789093268221626,0.32822396734659975,0.2858234646107039,-0.5811935104992672,1.0231734743850445,0.11765492692983952
0.47870333230630546,0.33758954717743955,0.2837422246482943,-0.5988840501797398,1.0252547143474535,0.13014236670429427
0.4985665206540628,0.34652798193393114,0.2817559058135172,-0.6157677602753274,1.0272410331822304,0.14206027971295024
0.5174628524467518,0.3550313312406423,0.2798662726342477,-0.6318296422991102,1.0291306663615,0.15339807878856587
0.5353776983345866,0.3630930118901652,0.27807478804546715,-0.6470572613037822,1.0309221509502815,0.16414698632126118
0.5522995705604182,0.3707078543917916,0.27638260082288146,-0.6614408526957274,1.0326143381728663,0.17430010965676437
0.5682202486234817,0.37787215952016856,0.27479053301657685,-0.6749734290493413,1.0342064059791711,0.18385251649459802
0.5831349049430586,0.3845837548639793,0.27329906738461895,-0.6876508869209765,1.03569787161113,0.19280131028634745
0.5970422305222174,0.39084205137460093,0.2719083348267022,-0.6994721136632578,1.0370886041690461,0.2011457056338435
0.6099445606114865,0.3966480999147723,0.27061810181777546,-0.7104390942391422,1.0383788371779725,0.2088871036874059
0.6218480003726035,0.4020046478072732,0.2694277578416672,-0.7205570180361044,1.039569181154081,0.2160291675440702
0.6327625505421676,0.4069161953835816,0.268336302824705,-0.7298343856802111,1.0406606361710433,0.2225778976458165
0.6427022330954011,0.4113890525325335,0.2673423345693865,-0.7382831158504807,1.0416546044263613,0.22854170717775044
0.6516852169098115,0.4154313952490182,0.26644403618794454,-0.7459186520927263,1.042552902807804,0.23393149746639777
0.6597339434289196,0.41905332218261787,0.2656391635360312,-0.7527600696339561,1.0433577754597172,0.23876073337786505
0.6668752523259676,0.42226691118628856,0.26492503264632977,-0.7588301821964609,1.0440719063494184,0.2430455187160916
0.6731405071676005,0.42508627586503195,0.26429850716215075,-0.7641556488117873,1.0446984318335977,0.24680467162108516
0.6785657210776384,0.4275276221245368,0.26375598577116866,-0.768767080635402,1.04524095322458,0.250059799967088
0.6831916824006605,0.4296093047198971,0.26329338963886667,-0.7726991477599743,1.0457035493568816,0.252835376760902
0.6870640803658312,0.4313518838042376,0.2629061498423239,-0.7759906860302652,1.0460907891534246,0.25515881554002606
0.6902336307505845,0.4327781814773662,0.2625891948038687,-0.7786848038573861,1.0464077441918795,0.2570605457708605
0.6927562015442349,0.43391333833452356,0.26233693772447647,-0.7808289890318817,1.0466600012712723,0.2585740882470737
0.6946929386118457,0.43478487001493527,0.2621432640177401,-0.782475215539446,1.046853674978009,0.2597361304876242
0.6961103913577533,0.4354227237506039,0.26200151874313055,-0.7836800503733928,1.0469954202526188,0.26058660213517965
0.6970806383894256,0.43585933491485696,0.26190449403995947,-0.7845047603502975,1.0470924449557901,0.2611687503541872
0.6976814131811163,0.43612968357107856,0.2618444165608643,-0.7850154189235373,1.047152522434882,0.2615292152291422
0.6979962297374431,0.43627135102146625,0.261812934905156,-0.7852830129961081,1.0471840040905935,0.2617181051629933
0.6981145082575173,0.4363245763553323,0.2618011070534571,-0.7853835497394065,1.047195831942282,0.26178907227480425
0.6981317007980332,0.4363323129983292,0.26179938779983636,-0.785398163400558,1.0471975511958878,0.2617993877987812
