-1.0471975511965976,-0.3490658503988659,0.4363323129985824,0.6981317007977318,0.8726646259971648,-0.7853981633974483
-1.047180358656882,-0.3490581137559414,0.4363305937451558,0.6981480337150666,0.872645714202396,-0.7854187944518068
-1.047062080136245,-0.34900488842171407,0.43631876589248003,0.6982603983044996,0.8725156078309103,-0.7855607286690464
-1.0467472635800181,-0.3488632209714011,0.43628728423697155,0.6985594740338765,0.872169309618835,-0.785938508537917
-1.0461464887882737,-0.34859287231512265,0.4362272067577217,0.6991302100853994,0.8715084573480643,-0.786659438287088
-1.0451762417566544,-0.3481562611508897,0.4361301820546089,0.70005194476585,0.8704411856131874,-0.7878237347256302
-1.0437587890107065,-0.34751840741521633,0.4359884367799825,0.7013985248742312,0.8688819875927071,-0.7895246780203764
-1.041822051943104,-0.3466468757347949,0.4357947630732186,0.7032384250884289,0.8667515768183497,-0.7918487625014641
-1.0392994811494605,-0.34551171887765336,0.4355425059938734,0.7056348673425569,0.8639767489453035,-0.794875847454078
-1.0361299307647136,-0.34408542120451835,0.4352255509553994,0.7086459402080614,0.8604902435220833,-0.7986793079157671
-1.0322575327995298,-0.3423428421201851,0.4348383111588786,0.7123247182749722,0.8562306057603845,-0.8033261854739676
-1.0276315714764905,-0.34026115952481867,0.43437571502656047,0.7167193815317371,0.8511420483050681,-0.8088773390614374
-1.0222063575664733,-0.33781981326531063,0.4338331936355646,0.7218733347463027,0.8451743130040384,-0.8153875957535293
-1.0159411027248373,-0.33500044858657346,0.43320666815140657,0.7278253268459043,0.8382825326782282,-0.8229059015635614
-1.0087997938277906,-0.3317868595829025,0.43249253726170134,0.7346095702980978,0.8304270928914772,-0.8314754722400157
-1.0007510673086861,-0.3281649326493051,0.431687664609795,0.7422558604912858,0.8215734937204544,-0.8411339440629971
-0.9917680834942698,-0.32412258993281834,0.4307893662283475,0.7507896951149258,0.8116922115246072,-0.851913524640216
-0.981828400941039,-0.3196497327838644,0.42979539797302535,0.7602323935405025,0.8007585607160517,-0.8638411437041045
-0.9709138507714731,-0.31473818520755975,0.42870394295606984,0.7706012162015988,0.7887525555295277,-0.8769386039075964
-0.9590104110103627,-0.3093816373150595,0.4275135989799615,0.781909483974679,0.7756587717923009,-0.8912227316209651
-0.946108080921085,-0.30357558877488505,0.4262233659710298,0.7941666975594581,0.7614662086941028,-0.9067055277280482
-0.9322007553419314,-0.29731729226426595,0.42483263341311717,0.807378656859681,0.7461681505570292,-0.9233943184230711
-0.917286099022351,-0.29060569692045485,0.4233411677811575,0.8215475803632656,0.7297620286054936,-0.9412919060065437
-0.9013654209592885,-0.283441391792077,0.4217490999748519,0.8366722245231802,0.7122492827361239,-0.9603967196822255
-0.8844435487334538,-0.2758265492904508,0.42005691275226814,0.8527480031377217,0.6936352232877059,-0.980702966353226
-0.8665287028456231,-0.26776486864092713,0.41826542816348544,0.8697671067311654,0.6739288928110918,-1.0022007814186287
-0.847632371052931,-0.25926151933421626,0.41637579498421395,0.8877186219341948,0.6531429278391345,-1.0248763795698201
-0.8277691827051747,-0.25032308457772584,0.4143894761494412,0.9065886508645912,0.6312934206565988,-1.0487122055871665
-0.8069567830810825,-0.2409575047468841,0.41230823618702783,0.9263604305074427,0.6083997810701021,-1.073687085136026
-0.7852157077246423,-0.231174020836486,0.4101341286513862,0.9470144520960829,0.5844845981780146,-1.0997763755637857
-0.7625692567813631,-0.22098311791201025,0.40786948355705976,0.9685285804922108,0.5595735021404059,-1.1269521166957386
-0.7390433693345895,-0.21039646856096228,0.405516894812383,0.9908781735666556,0.5336950259489539,-1.1551831816318807
-0.714666497741784,-0.19942687634419962,0.40307920765309985,1.0140362015797935,0.5068804671968709,-1.1844354275432087
-0.6894694819708349,-0.18808821924727245,0.40055950607600554,1.0379733665622064,0.47916374984882576,-1.2146718464683637
-0.6634854239363328,-0.1763953931317469,0.3979611002725575,1.0626582216949951,0.4505812860108721,-1.2458527161097819
-0.6367495618358733,-0.1643642551865392,0.3952875140625063,1.088057290690381,0.4211718377003713,-1.2779357506302627
-0.609299144486357,-0.1520115673792571,0.3925424723275557,1.1141351871724308,0.3909763786159027,-1.3108762514496954
-0.5811733056602705,-0.13935493990751857,0.3897298884449497,1.1408547340572461,0.3600379559072042,-1.3446272580410459
-0.5524129384219861,-0.12641277465029063,0.38685385172112113,1.1681770829336127,0.3284015519450922,-1.3791396987269822
-0.5230605694640598,-0.11320420861922385,0.3839186148253288,1.196061833443643,0.29611394609137315,-1.4143625414764933
-0.49316023344351856,-0.09974905740998012,0.3809285812232743,1.2244671526631552,0.26322357646877764,-1.4502429447011405
-0.46275734731815854,-0.08606775865356843,0.37788829261073825,1.2533498944822394,0.22978040173088254,-1.4867264080515588
-0.43189858468283604,-0.07218131546767277,0.37480241634720607,1.2826657189858055,0.19583576283202697,-1.5237569232139607
-0.40063175010576296,-0.058111239907989776,0.37167573288949785,1.3123692118340156,0.1614422447972488,-1.561277124706429
-0.36900565346480213,-0.04387949641955732,0.36851312322540297,1.34241400364295,0.126653538492195,-1.5992284406755826
-0.3370699842837541,-0.029508445288086,0.36531955630729795,1.3727528893649446,0.09152430239303833,-1.6375512436928616
-0.30487518606866326,-0.015020786091295188,0.36210007648578874,1.4033379476692698,0.05611002435643652,-1.6761850015509696
-0.2724723306441013,-0.0004395011502425395,0.35885979094333303,1.4341206603226553,0.020466883389418974,-1.715068428060494
-0.23991299248946316,0.014212201019344778,0.3556038571278677,1.4650520315698712,-0.015348388580685768,-1.7541396338463822
-0.20724912307526536,0.02891094225573363,0.352337470186449,1.4960827075130176,-0.051278644936301014,-1.793336277143069
-0.1745329251994348,0.043633231299857606,0.3490658503988665,1.5271630954949986,-0.08726646259971331,-1.832595714594
-0.14181672732360398,0.058355520343981115,0.34579423061128556,1.5582434834769987,-0.12325428026312545,-1.8718551520449505
-0.10915285790940578,0.07305426158037077,0.34252784366986316,1.5892741594205584,-0.15918453661874624,-1.9110517953420711
-0.07659351975476843,0.08770596374995743,0.33927190985439976,1.6202055306674548,-0.1949998085888468,-1.950123001127625
-0.04419066433020641,0.10228724869100965,0.33603162431194467,1.6509882433207843,-0.23064294955586442,-1.9890064276370927
-0.011995866115115732,0.11677490788780093,0.33281214449043656,1.6815733016251064,-0.26605722759246275,-2.0276401854951844
0.019939803065931412,0.1311459590192732,0.329618577572328,1.7119121873471472,-0.3011864636916194,-2.0659629885124993
0.05156589970689336,0.14537770250770543,0.32645596790823245,1.741956979156056,-0.3359751699966772,-2.103914304481648
0.08283273428396544,0.15944777806738727,0.3233292844505278,1.7716604720042477,-0.37036868803145284,-2.141434505974097
0.11369149691928947,0.17333422125328393,0.3202434081869923,1.8009762965078335,-0.40431332693031324,-2.178465021136526
0.144094383044649,0.1870155200096952,0.31720311957445774,1.829859038326914,-0.43775650166820623,-2.2149484844869405
0.17399471906519137,0.20047067121893958,0.3142130859724028,1.8582643575464333,-0.47064687129080385,-2.2508288877115983
0.203347088023117,0.21367923725000562,0.3112778490766119,1.8861491080564525,-0.5029344771445201,-2.2860517304610943
0.23210745526140122,0.2266214025072343,0.3084018123527817,1.9134714569328326,-0.534570881106634,-2.3205641711470504
0.26023329408748924,0.23927802997897296,0.30558922847017445,1.9401910038176122,-0.5655093038153308,-2.3543151777383495
0.2876837114370051,0.25163071778625473,0.30284418673522345,1.9662689002996463,-0.5957047628997965,-2.3872556785577586
0.3144195735374635,0.2636618557314621,0.3001706005251752,1.991667969295094,-0.6251142112103039,-2.4193387130783286
0.340403631571966,0.2753546818469871,0.29757219472172763,2.01635282442786,-0.6536966750482526,-2.450519582719714
0.36560064734291514,0.28669333894391463,0.29505249314463156,2.040289989410265,-0.6814133923962976,-2.4807560016448575
0.3899775189357201,0.29766293116067655,0.29261480598535083,2.0634480174234344,-0.7082279511483851,-2.5100082475562298
0.4135034063824942,0.3082495805117256,0.2902622172406729,2.085797610497868,-0.7341064273398366,-2.5382393124923586
0.43614985732577294,0.3184404834362007,0.28799757214634647,2.107311738893979,-0.759017523377441,-2.565415053624284
0.45789093268221587,0.32822396734659864,0.28582346461070324,2.127965760482596,-0.7829327062695255,-2.591504344052008
0.4787033323063053,0.3375895471774412,0.2837422246482904,2.147737540125497,-0.8058263458560331,-2.6164792236009475
0.4985665206540628,0.34652798193393153,0.28175590581351717,2.1666075690558553,-0.8276758530385615,-2.6403150496182315
0.5174628524467539,0.35503133124064296,0.27986627263424607,2.1845590842589186,-0.8484618180105243,-2.6629906477694774
0.5353776983345847,0.3630930118901657,0.2780747880454671,2.201578187852355,-0.8681681484871338,-2.6844884628348686
0.55229957056042,0.3707078543917917,0.2763826008228813,2.217653966466902,-0.8867822079355568,-2.7047947095058777
0.5682202486234804,0.37787215952016867,0.2747905330165763,2.232778610626807,-0.9042949538049214,-2.7238995231815455
0.5831349049430598,0.3845837548639808,0.27329906738461707,2.246947534130407,-0.9207010757564585,-2.741797110765044
0.5970422305222173,0.3908420513746011,0.2719083348267006,2.2601594934306095,-0.9359991338935353,-2.758485901460038
0.6099445606114877,0.3966480999147736,0.2706181018177741,2.272416707015412,-0.9501916969917288,-2.773968697567153
0.6218480003726014,0.4020046478072714,0.26942775784166706,2.2837249747884596,-0.9632854807289457,-2.7882528252804613
0.632762550542171,0.40691619538357765,0.2683363028247109,2.2940937974495483,-0.9752914859154697,-2.8013502854839367
0.6427022330953989,0.41138905253253283,0.26734233456938516,2.303536495875124,-0.9862251367240287,-2.813277904547833
0.6516852169098127,0.4154313952490171,0.2664440361879452,2.3120703304988095,-0.996106418919878,-2.824057485125112
0.6597339434289212,0.4190533221826156,0.2656391635360342,2.3197166206919637,-1.0049600180908966,-2.833715956948053
0.666875252325969,0.42226691118628973,0.26492503264632505,2.32650086414417,-1.01281545787766,-2.842285527624531
0.6731405071676073,0.4250862758650295,0.26429850716215825,2.3324528562437346,-1.0197072382034709,-2.8498038334345193
0.6785657210776334,0.4275276221245433,0.26375598577115406,2.3376068094582627,-1.0256749735045039,-2.8563140901265585
0.683191682400656,0.4296093047199013,0.2632933896388548,2.342001472715129,-1.0307635309598218,-2.8618652437141674
0.6870640803658385,0.4313518838042323,0.2629061498423369,2.3456802507820487,-1.0350231687215206,-2.8665121212723856
0.6902336307505849,0.4327781814773631,0.2625891948038704,2.3486913236475377,-1.0385096741447235,-2.870315581734029
0.6927562015442492,0.43391333833451423,0.2623369377245001,2.351087765901529,-1.0412845020177621,-2.8733426666864474
0.6946929386118481,0.43478487001493993,0.26214326401773114,2.352927666115769,-1.043414912792144,-2.8756667511676253
0.6961103913577651,0.43542272375059565,0.26200151874314936,2.3542742462243664,-1.0449741108126276,-2.8773676944626647
0.6970806383894411,0.4358593349148103,0.2619044940400409,2.3551959809043193,-1.0460413825473203,-2.8785319909002953
0.697681413181096,0.4361296835711076,0.26184441656079566,2.3557667169565786,-1.0467022348183423,-2.8792529206507944
0.6979962297374683,0.43627135102137116,0.2618129349053176,2.356065792684767,-1.0470485330299497,-2.879630700517447
0.6981145082574101,0.43632457635534966,0.26180110705331566,2.3561781572787237,-1.0471786394019038,-2.879772634741405
0.6981317007977633,0.43633231299835135,0.2617993877995087,2.3561944901915237,-1.0471975511957052,-2.8797932657883707
