0.15921746293252687,-0.20486657703447186,0.5410054191302465,0.4227064190379596,0.24674337468238955,0.8714496806070708,-0.031818933424693406
0.15922139551328796,-0.20486568308234954,0.541003462668828,0.42269994786921433,0.24673890010664326,0.8714542300820417,-0.031814998312796966
0.15924845029873577,-0.20485953080090516,0.540990002760283,0.42265542700527986,0.24670811472630677,0.8714855269189624,-0.03178793044465965
0.1593204611128286,-0.2048431367391744,0.5409541758181338,0.42253691474444677,0.24662615849848551,0.8715688119339069,-0.03171592165840607
0.15945788298810626,-0.20481177550828994,0.5408858007817072,0.4223107011033563,0.24646969346316977,0.8717276814785763,-0.03157865231052108
0.15967982170619266,-0.20476091700086374,0.5407753609068946,0.4219452217046868,0.24621682273016127,0.871984071710381,-0.031357371838728165
0.16000406321489977,-0.2046861497635489,0.5406139846417995,0.4214109627942742,0.24584699770383198,0.872358230619674,-0.03103500647537774
0.16044710248759933,-0.20458309499188265,0.5403934259525378,0.42068036126812325,0.24534091753470455,0.8728686814910681,-0.030596285699326785
0.16102417127123955,-0.20444731513626216,0.5401060444492398,0.4197277035322209,0.24468042442442703,0.8735321809820976,-0.030027880040223685
0.16174926407291831,-0.20427422065737594,0.5397447856452684,0.41852902693496363,0.24384839806304193,0.8743636745453628,-0.02931854379896237
0.16263516167313374,-0.20405897804991868,0.5393031616619417,0.41706202738019454,0.2428286521403566,0.8753762515067248,-0.02845925711003199
0.1636934514341141,-0.20379642186574085,0.5387752326654879,0.4153059765340891,0.24160583554410578,0.8765811017462768,-0.027443362537862708
0.16493454369761723,-0.2034809731117833,0.5381555892919321,0.41324165177433697,0.24016534053495783,0.8779874756125094,-0.026266692066540497
0.16636768363875656,-0.20310656607335703,0.5374393362790407,0.41085128169354834,0.23849321987168665,0.8796026484330334,-0.024927680910934377
0.16800095805866155,-0.20266658531771015,0.536622077482612,0.4081185095629432,0.236576114548894,0.8814318907654322,-0.023427465051635264
0.1698412967549346,-0.20215381436350532,0.5356999024079582,0.40502837669241043,0.23440119350488867,0.8834784453558557,-0.02176995978395103
0.17189446829909766,-0.20156039725506308,0.5346693743373008,0.4015673270962598,0.23195610635911584,0.8857435116363116,-0.019961916883386985
0.1741650702674571,-0.2008778140515245,0.5335275200811289,0.39772323429907125,0.22922894994754472,0.8882262384888644,-0.018012958239973457
0.17665651420803008,-0.2000968710254817,0.5322718213276307,0.39348545050261563,0.22620824914123236,0.890923725930145,-0.01593558401689775
0.17937100587272317,-0.19920770615798672,0.5309002075105096,0.38884487769320697,0.22288295215855577,0.8938310363163733,-0.013745153561896237
0.18230952149180135,-0.1981998103122042,0.5294110500632643,0.38379405960998847,0.21924244031601425,0.8969412156310739,-0.011459837460232032
0.1854717811076615,-0.19706206426185452,0.5278031578787972,0.37832729283013217,0.215276551906771,0.9002453253884233,-0.009100539283282685
0.18885622020795256,-0.19578279153938616,0.5260757737484425,0.3724407545689616,0.21097561965110492,0.9037324856585972,-0.006690785773603397
0.1924599610954429,-0.19434982685004148,0.524228571515492,0.3661326441545725,0.20633052092964163,0.9073899296918957,-0.004256584431273915
0.19627878559556938,-0.1927505995705616,0.5222616536462852,0.3594033345314007,0.2013327397898496,0.9112030705806536,-0.0018262477408656351
0.200307110825018,-0.19097223161566224,0.5201755488979831,0.35225552958989426,0.19597443951023358,0.9151555803475601,0.0005698163856702347
0.2045379698198017,-0.1890016487137469,0.517971209747158,0.3446944226252423,0.19024854431661212,0.9192294817823301,0.0028993479697622345
0.2089629988443242,-0.18682570388926645,0.5156500092379845,0.3367278508126676,0.1841488286727349,0.9234052532629283,0.005128511671894071
0.21357243317067398,-0.18443131170793223,0.5132137369135326,0.32836644026594725,0.17767001241542246,0.9276619466908699,0.00722220583196734
0.21835511302859112,-0.18180559160901294,0.5106645935086154,0.31962373603512223,0.17080785987471733,0.9319773185416698,0.009144402213838616
0.2232985012819006,-0.1789360184335478,0.5080051841076945,0.3105163113134172,0.1635592810146319,0.9363279738814204,0.01085851414327469
0.2283887141895537,-0.17581057806625633,0.5052385095060685,0.3010638501753059,0.1559224325524403,0.9406895230299015,0.012327790001744878
0.23361056636371902,-0.1724179259499947,0.5023679555562187,0.2912891983682279,0.14789681696644055,0.9450367503616874,0.013515728282710074
0.23894763075059286,-0.16874754611203818,0.4993972803327167,0.2812183770373769,0.1394833772859089,0.9493437945324954,0.014386509653964506
0.24438231414050887,-0.1647899082674491,0.49633059900716653,0.2708805547801151,0.1306845855744516,0.9535843392023969,0.014905440724077533
0.2498959483727209,-0.16053662054099113,0.4931723663876549,0.26030797410321344,0.12150452307052502,0.9577318131051782,0.01503940351055037
0.25546889704810927,-0.15598057537824972,0.4899273571432784,0.2495358291863913,0.11194895003745552,0.9617595980893471,0.014757303981044453
0.2610806772116631,-0.15111608629937437,0.48660064380150775,0.23860209282805403,0.10202536349998836,0.9656412435367974,0.014030512516495276
0.26671009512743626,-0.145939013283445,0.48319757267227903,0.22754729154635484,0.09174304120467981,0.969350685356012,0.012833288754813519
0.27233539495251746,-0.1404468747538332,0.4797237379156306,0.2164142290076087,0.0811130703359001,0.9728624675540737,0.01114318304276598
0.27793441883282766,-0.13463894435893983,0.47618495402725314,0.20524765922595775,0.0701483597455047,0.97615196422174,0.008941406674530724
0.2834847766998305,-0.12851633100047952,0.47258722706648454,0.19409391228950149,0.0588636347092005,0.9791955996242271,0.006213163246491481
0.2889640238488715,-0.12208204084390292,0.46893672499219774,0.18300047668123157,0.047275413502136966,0.9819710639824527,0.0029479338211333412
0.2943498442297063,-0.11534102034284816,0.465239747502167,0.172015543537723,0.03540196538543478,0.9844575224599403,-0.0008602908266078061
0.299620237278201,-0.10830017961190341,0.46150269578960096,0.16118751938281503,0.023263249908538824,0.9866358148431845,-0.005212836812417927
0.3047537060631264,-0.10096839578032744,0.4577320426358261,0.15056451494599202,0.010880837753194254,0.9884886434207888,-0.010106237529143964
0.30972944450932727,-0.09335649624584945,0.45393430325019835,0.14019381858628502,-0.0017221863331986305,0.990000746630767,-0.015532191569558056
0.31452752148264806,-0.08547722201607154,0.45011600724735534,0.13012136355645745,-0.014521337651153125,0.99115905615648,-0.02147759060102169
0.31912905957616106,-0.07734517157123096,0.4462836721184893,0.12039119882869301,-0.027490861542998728,0.9919528353089165,-0.027924618149854852
0.323516406514548,-0.06897672590417245,0.4424437785084955,0.1110449734385518,-0.040603877817697163,0.9923737967343073,-0.03485091871576308
0.32767329718733806,-0.060389955591451605,0.4386027475561503,0.1021214442735552,-0.05383253790099157,0.9924161977280278,-0.04222983506557318
0.3315850044265655,-0.051604510925456155,0.43476692049178295,0.09365601693048438,-0.06714819278194648,0.9920769117138837,-0.050030709999743704
0.335238476756198,-0.0426414962945461,0.43094254061841364,0.08568032869524901,-0.08052156964170817,0.99135547475662,-0.058219247394536315
0.3386224614572002,-0.03352333014045599,0.42713573773046265,0.07822188187478367,-0.093922954907721,0.9902541063084356,-0.06675792594629726
0.3417276114130472,-0.024273591953690506,0.4233525149514038,0.07130373465514822,-0.10732238138005246,0.9887777037402778,-0.07560645782766237
0.3445465743275072,-0.01491685789185994,0.41959873790068813,0.06494425540585393,-0.1206898170282213,0.9869338105681664,-0.08472228344935122
0.34707406304272204,-0.005478526725220983,0.41588012603334223,0.059156944936864755,-0.1339953530579532,0.9847325586459075,-0.09406109273921713
0.34930690583526575,0.004015362071203989,0.41220224593510235,0.05395032968704801,-0.1472093888974626,0.9821865849504997,-0.10357736282783694
0.3512440757356692,0.013538316149855678,0.4085705063037546,0.04932792723031385,-0.16030281185062173,0.9793109239277105,-0.11322490178312929
0.3528866981073348,0.023063582017088427,0.4049901543051058,0.0452882838794553,-0.17324716930714568,0.9761228766856097,-0.12295738807133567
0.3542380359374176,0.03256433853635589,0.4014662729609314,0.04182508259861355,-0.18601483158385557,0.9726418586168731,-0.13272889573398666
0.3553034525371655,0.042013890023575876,0.3980037792070361,0.03892731795186569,-0.19857914369149549,0.9688892272908336,-0.142494395846287
0.3560903516224681,0.05138585671079812,0.394607422252532,0.03657953346174271,-0.21091456457286528,0.9648880926790457,-0.15221022563859823
0.3566080950446889,0.06065436035059825,0.3912817818763503,0.03476211556562501,-0.22299679263403174,0.9606631119601013,-0.1618345176885031
0.3568678987626132,0.06979420277275261,0.38803126631327073,0.03345163737049424,-0.2348028766843434,0.9562402712883875,-0.17132758278893975
0.3568827079816211,0.07878103529294657,0.38486010940831655,0.03262124463956631,-0.24631131170611356,0.9516466570064127,-0.18065224142616793
0.3566670527271171,0.0875915170146569,0.3817723667538969,0.03224107591098445,-0.2575021191840119,0.9469102188314464,-0.18977410021503777
0.3562368854555557,0.09620346026179545,0.3787719105669649,0.03227870835291222,-0.26835691203068823,0.9420595275558802,-0.1986617710925104
0.3556094026270187,0.1045959616302026,0.37586242311189894,0.032699620896080514,-0.27885894444234693,0.9371235297693002,-0.20728703251887295
0.35480285245710064,0.11274951744664025,0.3730473885269224,0.03346766634093639,-0.28899314729974873,0.9321313020421207,-0.21562493333735364
0.3538363313223367,0.12064612276773062,0.3703300829657479,0.03454554449167831,-0.29874614999104054,0.9271118069097581,-0.22365384125882484
0.3527295715033975,0.12826935342878676,0.3677135630198919,0.035895268897435204,-0.30810628976796706,0.9220936528674328,-0.23135543913595924
0.3515027231064339,0.13560443105193198,0.3652006524390413,0.03747862045096242,-0.3170636099524062,0.9171048604337577,-0.2387146732436423
0.3501761331002487,0.14263827133103482,0.36279392721539644,0.03925758187404101,-0.32560984848251145,0.9121726361714977,-0.2457196586692634
0.34877012444282124,0.14935951631351227,0.36049569914172414,0.041194747971530006,-0.33373841842467517,0.907323156371435,-0.25236154762390994
0.34730477824509387,0.15575855178154624,0.3583079979908532,0.043253707428290884,-0.34144438217729833,0.9025813619151456,-0.25863436700615
0.3457997218352076,0.16182751118388045,0.35623255249569963,0.045399392822328154,-0.3487244211543638,0.8979707656391392,-0.2645348318830165
0.3442739254469532,0.16756026787148803,0.3542707703330797,0.04759839640378245,-0.35557680276081544,0.8935132733303178,-0.27006214170210013
0.34274551006821297,0.1729524176351759,0.35242371733124783,0.049819250017183035,-0.36200134645848864,0.8892290192942582,-0.27521776602345005
0.34123156875571903,0.17800125372222472,0.3506920961302738,0.052032668302919236,-0.3679993906720308,0.8851362172559455,-0.28000522637288044
0.3397480034593787,0.18270573661650974,0.34907622452618603,0.05421175498775629,-0.3735737622007385,0.8812510271787334,-0.28442988048508705
0.33830937911032233,0.18706646089930307,0.3475760137247028,0.05633217265386624,-0.3787287496868322,0.8775874384221283,-0.28849871474311806
0.3369287964189771,0.19108562146593122,0.3461909467188035,0.058372276857284355,-0.38347008254606696,0.8741571695020479,-0.2922201500492001
0.33561778450898533,0.1947669812594186,0.34492005698715306,0.06031321585180798,-0.38780491659586613,0.8709695845671142,-0.2956038656998166
0.3343862141845055,0.1981158425016067,0.34376190768816056,0.06213899747012459,-0.3917418274228254,0.8680316265589209,-0.2986606451046192
0.3332422322957375,0.20113902316264426,0.3427145714981525,0.06383652493210167,-0.39529081231892066,0.8653477668799996,-0.3014022464027746
0.33219221733205745,0.2038448401210343,0.34177561121269606,0.06539560350657368,-0.39846330138810904,0.8629199712463316,-0.3038413002097153
0.3312407560340401,0.2062431001400555,0.34094206119838144,0.06680892006661475,-0.40127217818621014,0.8607476812471516,-0.3059912358890021
0.3303906404737501,0.20834509943473228,0.3402104097494064,0.0680719976705109,-0.4037318100109811,0.8588278109685149,-0.30786623690400355
0.32964288470443437,0.2101636322401606,0.33957658236992533,0.06918312739430588,-0.4058580877106078,0.8571547578530795,-0.30948122497763986
0.32899675972309916,0.21171300843009433,0.3390359259703444,0.07014327975987754,-0.4076684746313419,0.8557204267615406,-0.31085187198942416
0.32844984511856135,0.2130090798877799,0.3385831939342641,0.0709559982676121,-0.4091820640830597,0.8545142659655308,-0.31199463778078534
0.3279980953898364,0.2140692750110424,0.33821253198349827,0.07162727777566114,-0.41041964446870677,0.8535233135326764,-0.312926831334146
0.32763591851136714,0.21491264045194958,0.33791746474209167,0.07216543078687863,-0.4114037710037301,0.8527322522571057,-0.3136666921491324
0.32735626388970446,0.21555988895662373,0.3376908828771139,0.07258094512471117,-0.41215884274728126,0.8521234709393332,-0.31423348806950707
0.3271507163981063,0.2160334519896914,0.33752503067455053,0.07288633701125295,-0.4127111834806608,0.8516771294250197,-0.314647625323047
0.3270095926894028,0.21635753570353616,0.33741149389307656,0.07309600421041958,-0.41308912480084503,0.8513712243708782,-0.3149307661264203
0.3269220354718657,0.21655817874469957,0.33734118772666954,0.07322608466728527,-0.4133230896477522,0.851181652217368,-0.3151059488756877
0.3268761008868593,0.21666331037334302,0.3373043446986519,0.07329432695625326,-0.41344567435066937,0.8510822653126453,-0.31519770568176114
0.32685883354945044,0.21670280739696438,0.3372905023039835,0.07331997983530406,-0.4134917271572579,0.8510449165529891,-0.31523217180163293
0.3268563232025753,0.21670854847051388,0.3372884902122616,0.07332370927432892,-0.41349842109019835,0.8510394872857233,-0.31523718133275447