0.15921746293252687,-0.20486657703447186,0.5410054191302465,0.4227064190379596,0.24674337468238955,0.8714496806070708,-0.031818933424693406
0.15921746293252687,-0.20486657703447186,0.5410054191302465,0.4227064190379596,0.24674337468238955,0.8714496806070708,-0.031818933424693406
0.15921746293252687,-0.20486657703447186,0.5410054191302465,0.4227064190379596,0.24674337468238955,0.8714496806070708,-0.031818933424693406
0.15921746293252687,-0.20486657703447186,0.5410054191302465,0.4227064190379596,0.24674337468238955,0.8714496806070708,-0.031818933424693406
0.15921746293252687,-0.20486657703447186,0.5410054191302465,0.4227064190379596,0.24674337468238955,0.8714496806070708,-0.031818933424693406
0.15921746293252687,-0.20486657703447186,0.5410054191302465,0.4227064190379596,0.24674337468238955,0.8714496806070708,-0.031818933424693406
0.15921746293252687,-0.20486657703447186,0.5410054191302465,0.4227064190379596,0.24674337468238955,0.8714496806070708,-0.031818933424693406
0.15921746293252687,-0.20486657703447186,0.5410054191302465,0.4227064190379596,0.24674337468238955,0.8714496806070708,-0.031818933424693406
0.15921746293252687,-0.20486657703447186,0.5410054191302465,0.4227064190379596,0.24674337468238955,0.8714496806070708,-0.031818933424693406
0.15921746293252687,-0.20486657703447186,0.5410054191302465,0.4227064190379596,0.24674337468238955,0.8714496806070708,-0.031818933424693406
0.15921746293252687,-0.20486657703447186,0.5410054191302465,0.4227064190379596,0.24674337468238955,0.8714496806070708,-0.031818933424693406
0.15921746293252687,-0.20486657703447186,0.5410054191302465,0.4227064190379596,0.24674337468238955,0.8714496806070708,-0.031818933424693406
0.15921746293252687,-0.20486657703447186,0.5410054191302465,0.4227064190379596,0.24674337468238955,0.8714496806070708,-0.031818933424693406
0.15921746293252687,-0.20486657703447186,0.5410054191302465,0.4227064190379596,0.24674337468238955,0.8714496806070708,-0.031818933424693406
0.15921746293252687,-0.20486657703447186,0.5410054191302465,0.4227064190379596,0.24674337468238955,0.8714496806070708,-0.031818933424693406
0.163302181036434,-0.2043704096284633,0.531839856086584,0.4065322603275725,0.23745133898073817,0.8820566401368105,-0.018012954221075503
0.163302181036434,-0.2043704096284633,0.531839856086584,0.4065322603275725,0.23745133898073817,0.8820566401368105,-0.018012954221075503
0.163302181036434,-0.2043704096284633,0.531839856086584,0.4065322603275725,0.23745133898073817,0.8820566401368105,-0.018012954221075503
0.163302181036434,-0.2043704096284633,0.531839856086584,0.4065322603275725,0.23745133898073817,0.8820566401368105,-0.018012954221075503
0.1669587897388473,-0.20301363116400412,0.5245952296139947,0.39127225175408165,0.22370313180007106,0.8926237180799146,-0.009264542693498743
0.1669587897388473,-0.20301363116400412,0.5245952296139947,0.39127225175408165,0.22370313180007106,0.8926237180799146,-0.009264542693498743
0.1669587897388473,-0.20301363116400412,0.5245952296139947,0.39127225175408165,0.22370313180007106,0.8926237180799146,-0.009264542693498743
0.1700976774056085,-0.20187874102590653,0.5175036004792882,0.376026706890159,0.21085358118735772,0.9022979893367984,-0.0017382303010614387
0.1700976774056085,-0.20187874102590653,0.5175036004792882,0.376026706890159,0.21085358118735772,0.9022979893367984,-0.0017382303010614387
0.17232370580807607,-0.20099630722801273,0.5121077883220159,0.3635146524768159,0.1998525422010415,0.9098954893049164,0.002501470169221777
0.17232370580807607,-0.20099630722801273,0.5121077883220159,0.3635146524768159,0.1998525422010415,0.9098954893049164,0.002501470169221777
0.17465729211058217,-0.2000757792346348,0.505956076413954,0.3496359649320299,0.1886652826486217,0.9176596847770344,0.007797825599360567
0.17573117344834674,-0.19965735996225695,0.5029568835876486,0.3412011015279219,0.18082440514523437,0.9224019451400975,0.007680782627401854
0.17684573894370437,-0.1993935216017499,0.49936600149237453,0.33287487227213064,0.1754089923407811,0.9264594676600652,0.009942816443708346
0.17761578950528145,-0.19939277630983665,0.49747581766368426,0.32554351015673916,0.1695234009377617,0.9301834254617659,0.006483403854396793
0.18211682761386677,-0.19756833722403339,0.49310082597819066,0.31325553150101354,0.16293790907940395,0.9355312436179052,0.010173592462120207
0.187024653811665,-0.1949940295001488,0.49081877560017023,0.30405582337846815,0.15535403865720895,0.9398351021485837,0.01118748014065588
0.19188105731639432,-0.19233216903217465,0.48820651962921174,0.29434435522237334,0.14745815452826316,0.9441757029007011,0.012236636131356164
0.1967847350297867,-0.18948927185978312,0.48550879299066024,0.2843890748083022,0.1391509902830208,0.9484685039810099,0.012936498326727738
0.20239602560888542,-0.18587063742963503,0.4846298698185304,0.2767456209584557,0.12969312797383153,0.9520936418643855,0.01045231831190096
0.20756837783734644,-0.18256153515086995,0.4815465695992482,0.2659954326373534,0.12076511707437824,0.9563178112526279,0.01088394207362534
0.21275549178254755,-0.17900983093883743,0.47868312405473257,0.25549475030075536,0.11132514669716685,0.9603228291875219,0.010450264249420934
0.2179564325816885,-0.17523681154572254,0.47574711030207917,0.2448192577545346,0.10151577750728792,0.964191624801182,0.009622297691622105
0.22374653582953624,-0.1709189773350996,0.47116504244434865,0.2311437853431505,0.09200357876756429,0.9684993676987824,0.010810492970205232
0.22959640659841343,-0.16603823995500044,0.4702532559146645,0.22358496144298132,0.08083497598954364,0.9713074991721186,0.00610030534607153
0.2346351831915856,-0.16167364608975693,0.46686167405739615,0.2121225464458516,0.07004807972043443,0.9747194733112939,0.004386361198178377
0.240242370157911,-0.15658895830279904,0.46217590502576084,0.1981460177551092,0.05934986323724857,0.9783662395624558,0.003905210100775591
0.2452356823582867,-0.15167637845116058,0.4592629852053657,0.18753150049879858,0.047737530234791645,0.9810977979061435,0.00041889314561628307
0.2511398361571318,-0.14559022737604427,0.4582544954061051,0.1803597194621416,0.03556553981548763,0.982939706172022,-0.0059159110565970415
0.2559988533288694,-0.1402231021843508,0.45488164447205426,0.16914200088545858,0.023527928861226358,0.9852631455142805,-0.009692997022094056
0.2613452024712494,-0.13395888136544784,0.4501376740317831,0.15525656706498525,0.01150372422986352,0.9877283742357493,-0.012478839755461657
0.2663394712935306,-0.12774223980984423,0.4473452013345703,0.14537253081251503,-0.0011167858593479616,0.9892116182115099,-0.018054209201031353
0.271188269511195,-0.12131151882942436,0.44440449823673533,0.13542186199919362,-0.013925508420911099,0.9904018917643429,-0.023897537477767395
0.2760500867698111,-0.11446281368241655,0.4415200661543579,0.12583071871922566,-0.02689973220216692,0.9912250465349206,-0.03026452966592051
0.2808634762897487,-0.10723823578447242,0.4386693467197135,0.11659842847470643,-0.0400149645312061,0.9916788949217116,-0.037102270249245395
0.28542080982986495,-0.10017213155220234,0.43812166704111877,0.11251054718209469,-0.0532398045446697,0.9911437815615924,-0.046269906598320976
0.2897496034049145,-0.09270039664461187,0.4349246014444237,0.10322989830592084,-0.06656319557253615,0.9909908228984206,-0.05338649662632693
0.2941332754815796,-0.08468928818400827,0.43228412149400125,0.09554214419830112,-0.07988380621344796,0.9903127720117073,-0.061407571009864846
0.297474174162864,-0.07762153659087498,0.42767453790872956,0.08372931398147851,-0.09362420520544575,0.9897410225021174,-0.06809272028860935
0.30190915197317636,-0.06878201767801066,0.42744170930268005,0.0822774270521524,-0.10661083432055729,0.9877781959403733,-0.0784779626897509
0.30477091116914085,-0.0619716623585867,0.4247065828333491,0.07512799991539763,-0.12024935532336052,0.9860881293881623,-0.08675296682409833
0.3078074698514265,-0.05383221330132667,0.4201707297952802,0.06473061227985992,-0.1340215293170681,0.9843141960825668,-0.09472983111839112
0.31073766149982135,-0.045901551146185965,0.4179036643259677,0.05968241423426287,-0.1473319053293041,0.9817790075096664,-0.10412156124713613
0.3135219360955752,-0.03760942275658954,0.415549952286404,0.05501020701046795,-0.1605578600431062,0.9789343775614702,-0.11350125607842726
0.31613873420672417,-0.029033092550196354,0.4131961041328477,0.05086715272981268,-0.1736188504699671,0.9757760112502237,-0.12300489178586566
0.3187155832242075,-0.02087366649261084,0.413484787902116,0.052851248146363786,-0.18560533230290568,0.9721166348832923,-0.1332165694397039
0.32085161557838987,-0.012019912453253245,0.41096141187032625,0.04932321825763006,-0.19841740148200826,0.9684647899724487,-0.14238576302937925
0.3220810451990717,-0.004767954946627276,0.4068425991296932,0.041609310654912905,-0.2119401299921488,0.9646415298730269,-0.15105219432355232
0.324173024355411,0.004027213569623891,0.40709185078435184,0.045072649094846706,-0.22232957520125252,0.9605185197984574,-0.16106579220487446
0.3250456895481799,0.011906588992308918,0.4027841945047298,0.03812935266211324,-0.23616002300124095,0.9560281033738495,-0.16966101956849675
0.32672452414414543,0.02108435779082859,0.402890095583835,0.04240383431926743,-0.24555353607723704,0.9517466726100077,-0.1791190858919508
0.32751830895505624,0.02857373915305934,0.40136177365633946,0.04211972940934739,-0.2578756357542917,0.9468638431936314,-0.18754985292286835
0.3281779572633717,0.03592602311974209,0.3998393527958457,0.04206114345856585,-0.26884446583893024,0.9420889915014061,-0.19601491139860178
0.3282833356454885,0.044130743154789695,0.39535758507609375,0.036571820480324146,-0.28089213668324187,0.9369499994874327,-0.2046626686935791
0.3286809336079734,0.05160573372387298,0.39403600333550365,0.03742170311196785,-0.29149522848280923,0.9315301360077696,-0.21420026521295632
0.32923944540941313,0.05736521646783935,0.3942457998785344,0.04127088242781493,-0.294264599257467,0.928928630055335,-0.2208996608213566
0.32867083506834954,0.06505356857577248,0.39095451834833084,0.03901429580670144,-0.31083428233148613,0.9219482900414954,-0.22775268195948853
0.32857833057394675,0.07284173820037272,0.389592901970921,0.04107311648421614,-0.3203650151552105,0.916399380897895,-0.23641368584925596
0.3287048814300306,0.07815996057683001,0.38942691095542203,0.04459907580771891,-0.3219095310419813,0.9142949945178966,-0.2417640156453159
0.3283114612699217,0.08518453127883116,0.3894922395752235,0.049649657621345676,-0.33476219349658454,0.9079036895623124,-0.24734606482129168
0.32733951230742614,0.09065679156536816,0.38556385187843434,0.045255591818603225,-0.3449629530483761,0.9024441617406267,-0.2540610701653238
0.3266682163888652,0.09834532945163403,0.3842793591448369,0.048705717945182504,-0.35284397592723105,0.8972018061181153,-0.2610704900782541
0.32641641784835057,0.10266741037065931,0.3839239445487912,0.051774720799461084,-0.35353509398362337,0.8956800634762431,-0.26474429077757566
0.32571000022568813,0.10897791408136108,0.38401595063986077,0.05706076419053303,-0.3630072206058716,0.8901424905797684,-0.2694738826722166
0.32494591041729737,0.11380174599972223,0.3830268727833216,0.059001132573719424,-0.3701066031045657,0.8857187787191688,-0.2739383392620352
0.32423102832807726,0.11820239845901642,0.382122330006493,0.060900807080290234,-0.37552462208686577,0.8819856566516511,-0.27816119672636197
0.3234376094239024,0.1226376196809309,0.38113030205394915,0.0628282335238165,-0.38075454019256266,0.8783381476339992,-0.28213594525671826
0.32244286487552,0.12473658936798342,0.3781873432070897,0.05857735296244257,-0.38831704587708626,0.8743291650608475,-0.2851790257455968
0.3220022336107846,0.12763870516889783,0.3773728263129362,0.059583921449359846,-0.3884294414648745,0.8728037007546533,-0.28945815804185565
0.32121910586057556,0.13153667790783602,0.37780076578762,0.06372975167422262,-0.397319005194385,0.867815126868667,-0.2915013420909166
0.32080179727569846,0.13414240383112638,0.3772526114649071,0.06527888863045302,-0.39678314989941993,0.8669582132444774,-0.29442359814221863
0.31987719257634195,0.13717085562905595,0.37619185590773985,0.06582096187444861,-0.4044714625157265,0.8625460235444583,-0.296790825761098
0.31929497031276094,0.14063474471901263,0.3768613387188271,0.07026837701728646,-0.40864915825530845,0.8593280700544642,-0.29937182343208957
0.3184026562094713,0.14198022194198145,0.37291960007006975,0.0642453705523295,-0.408805677034434,0.8584363130979263,-0.30304710383346484
0.3183806477185039,0.14433502676361146,0.37547859409479833,0.07160130313579244,-0.40998661162480615,0.8575158252565186,-0.30240840119331763
0.3183806477185039,0.14433502676361146,0.37547859409479833,0.07160130313579244,-0.40998661162480615,0.8575158252565186,-0.30240840119331763
0.31746863643858725,0.1466231983586622,0.37381263616088944,0.07046221936087543,-0.4157835483160913,0.8539297882572612,-0.30489839835481175
0.3173334693261478,0.1495724445755199,0.37571027954369873,0.07739243621827625,-0.41354987147922584,0.854028411195741,-0.30597775652193093
0.3173334693261478,0.1495724445755199,0.37571027954369873,0.07739243621827625,-0.41354987147922584,0.854028411195741,-0.30597775652193093
0.3173334693261478,0.1495724445755199,0.37571027954369873,0.07739243621827625,-0.41354987147922584,0.854028411195741,-0.30597775652193093
0.3173334693261478,0.1495724445755199,0.37571027954369873,0.07739243621827625,-0.41354987147922584,0.854028411195741,-0.30597775652193093
0.3163838389371191,0.1506891841104374,0.37247931534842477,0.07231154443515332,-0.4182151191148132,0.8513481729375438,-0.3083398176056595
0.3163838389371191,0.1506891841104374,0.37247931534842477,0.07231154443515332,-0.4182151191148132,0.8513481729375438,-0.3083398176056595
0.3163838389371191,0.1506891841104374,0.37247931534842477,0.07231154443515332,-0.4182151191148132,0.8513481729375438,-0.3083398176056595
0.3163838389371191,0.1506891841104374,0.37247931534842477,0.07231154443515332,-0.4182151191148132,0.8513481729375438,-0.3083398176056595
0.3163838389371191,0.1506891841104374,0.37247931534842477,0.07231154443515332,-0.4182151191148132,0.8513481729375438,-0.3083398176056595
