0.012546062469482422
0.012998819351196289
0.0018155574798583984
0.0018053054809570312
0.009007930755615234
0.0
0.01568603515625
0.011505842208862305
0.0055103302001953125
0.006001949310302734
0.006001949310302734
0.005510091781616211
0.01100468635559082
0.005506038665771484
0.016010046005249023
0.016039609909057617
0.015623807907104492
0.015623807907104492
0.009084939956665039
0.015674829483032227
0.009020805358886719
0.005852222442626953
0.005415201187133789
0.0003097057342529297
0.0
0.008452892303466797
0.007598876953125
0.007005214691162109
0.03130674362182617
0.042366743087768555
0.04719376564025879
0.05131793022155762
0.051277875900268555
0.048006534576416016
0.0525965690612793
0.05713152885437012
0.05186963081359863
0.05758857727050781
0.04294943809509277
0.05280113220214844
0.04291987419128418
0.025733232498168945
0.0
0.011573076248168945
0.015623092651367188
0.010039329528808594
0.010970592498779297
0.010135889053344727
0.015727758407592773
0.010002374649047852
0.01150655746459961
0.0
0.01600813865661621
0.006002664566040039
0.015687942504882812
0.02105855941772461
0.016004085540771484
0.006009578704833984
0.0
0.006002902984619141
0.006124973297119141
0.010163068771362305
0.01607823371887207
0.0
0.015659093856811523
0.01008915901184082
0.01016998291015625
0.016078472137451172
0.0056116580963134766
0.010038375854492188
0.010147809982299805
0.005545854568481445
0.005540609359741211
0.013079643249511719
0.010115861892700195
0.01557612419128418
0.0055391788482666016
0.010124444961547852
0.0
0.015734195709228516
0.004537820816040039
0.0
0.01576972007751465
0.010069847106933594
0.007606029510498047
0.0055065155029296875
0.0
0.015762805938720703
0.008010149002075195
0.010078191757202148
0.010039091110229492
0.016074657440185547
0.003541231155395508
0.010127067565917969
0.0
0.009039163589477539
0.006035327911376953
0.012586116790771484
0.010123252868652344
0.005541563034057617
0.0
