0.0,0.0,0.0
7.850462293418876e-17,1.3368714023314497e-12,1.1832773799656979e-32
3.925231146709438e-17,2.2278060381038428e-12,1.3394440599693533e-32
8.777083671441753e-17,3.9574520457363005e-13,1.7260767317716722e-31
5.551115123125783e-17,2.92999078195119e-13,5.768588228170086e-32
1.5700924586837752e-16,1.5587333714200612e-13,4.8248517730370707e-32
2.1677797545656835e-16,2.4739954550304343e-15,4.928420038707554e-32
3.188872858294072e-16,1.6847075677001235e-14,2.371778361643456e-31
3.925231146709438e-17,3.8484844654286166e-14,3.003654387318553e-32
2.7755575615628914e-17,3.364846520316368e-14,1.840625776792231e-32
7.850462293418876e-17,4.856320469666315e-14,3.0814879110195774e-33
1.1102230246251565e-16,6.985223753153191e-15,3.688213123310605e-32
1.0007415106216802e-16,1.0025882916254959e-14,9.380441613922227e-32
1.4946834900704541e-16,4.038799871896445e-15,5.487438763255251e-32
2.7755575615628914e-17,2.7106684903158325e-15,2.0446678110144252e-32
0.0,1.1484295484689565e-14,1.859093908728811e-32
0.0,3.282038136159667e-15,9.98220621674595e-32
6.206335383118183e-17,1.0676011437862892e-14,7.966847252032719e-32
6.206335383118183e-17,1.2256530327225743e-15,3.007141486991174e-32
6.206335383118183e-17,2.298162944208171e-15,1.408701582178681e-32
2.7755575615628914e-17,1.5951092420369474e-14,7.926683681433231e-33
1.1443916996305594e-16,3.12114695084471e-15,8.007764540692853e-32
0.0,7.818319994726124e-15,6.804117144675754e-32
1.2412670766236366e-16,3.1870774794876973e-15,1.6782049649781683e-32
2.7755575615628914e-17,5.7551268734853435e-15,1.2054222855341943e-32
7.850462293418876e-17,4.367433361039827e-15,4.2822588625379523e-32
2.7755575615628914e-17,5.842838912519696e-15,7.338430520915519e-33
6.206335383118183e-17,4.4226543677599034e-15,1.925929944387236e-33
6.206335383118183e-17,5.604157023730302e-15,9.537291831638779e-33
1.5700924586837752e-16,3.228421058977867e-15,1.232595164407831e-32
5.551115123125783e-17,2.7797832753672903e-15,1.249394282740903e-32
6.206335383118183e-17,5.196393055310697e-15,2.574166061973549e-32
2.7755575615628914e-17,5.67434625099154e-15,4.447030868486086e-32
5.551115123125783e-17,3.443950409562501e-15,1.5407439555097887e-33
5.551115123125783e-17,7.836620550736398e-15,1.5407439555097887e-33
1.1443916996305594e-16,3.105176827105282e-15,4.8284737461687465e-32
7.850462293418876e-17,4.2504619260225725e-16,1.23977912518034e-31
1.5700924586837752e-16,5.065544632915049e-15,3.447878924926944e-32
1.2412670766236366e-16,2.9294220432053783e-15,3.000855601165711e-32
1.2719202621569003e-16,2.0670516841658617e-15,5.903453858124633e-32
8.326672684688674e-17,3.064054504356477e-15,1.5816591456867003e-32
1.1443916996305594e-16,7.382425503011395e-16,6.548161810916602e-33
1.2412670766236366e-16,1.5905212612592226e-16,3.0167754823174205e-32
5.721958498152797e-17,1.0236511275787257e-15,1.6370404527291505e-33
6.938893903907228e-17,2.4019500181425534e-16,4.809771854453125e-32
5.721958498152797e-17,2.4787571735717427e-15,1.6370404527291505e-33
1.3877787807814457e-17,6.270486930441322e-15,2.7205388007542756e-32
7.850462293418876e-17,3.4093720494638724e-15,2.565046835509837e-32
5.551115123125783e-17,2.8046181698880773e-15,8.598656616371603e-32
1.1188630228279524e-16,1.3778903218968254e-15,3.716999738053634e-32
5.594315114139762e-17,8.410775243358553e-15,1.036354124539025e-32
1.2432050435751766e-16,4.429602044587884e-15,1.5806980596053455e-32
1.1188630228279524e-16,2.4601290312170394e-16,5.974031431897737e-32
0.0,1.4817422638912102e-16,0.0
5.561946577567963e-17,5.9544119881989975e-15,2.524145902451701e-32
5.553824967135427e-17,2.114621513386801e-15,1.1360821925853544e-32
7.862432023014451e-17,4.817911441146169e-16,6.218701499928086e-32
2.001558195726335e-16,3.5482928043557336e-15,2.0031176054396305e-32
1.1123893155135927e-16,4.664051749482828e-15,6.187049946343995e-33
7.97218214573518e-17,2.5891745979504165e-15,2.0334632667504683e-32
0.0,1.6914968298467714e-15,8.518353970883447e-32
6.938893903907228e-18,2.6292548546369853e-15,6.270495926928861e-33
5.594315114139762e-17,3.2357052572702758e-15,2.2216742897837785e-32
1.2719202621569003e-16,2.3372848108979776e-15,3.7415385957717396e-32
5.551115123125783e-17,2.6175729923255303e-15,1.3124487526330929e-32
1.3877787807814457e-17,6.207948820598181e-15,6.73004766350064e-32
1.1188630228279524e-16,4.2599666245443495e-15,2.496059720808035e-32
1.3877787807814457e-17,3.273069708340169e-16,9.117672144118306e-32
1.3877787807814457e-17,6.779867499953642e-15,3.7037822771527154e-32
1.2719202621569003e-16,8.61722625152849e-15,2.5385153552423596e-32
5.551115123125783e-17,2.776424787817943e-16,1.5407439555097887e-33
0.0,5.0851062727656716e-15,1.1047870065841756e-31
6.206335383118183e-17,4.061926789169274e-15,2.612266710776491e-32
1.5700924586837752e-16,2.055517759652134e-15,5.387189068545586e-32
1.3597399555105182e-16,2.383760024870102e-15,1.1560962112001089e-31
5.551115123125783e-17,4.6807661381811885e-15,9.57373197194628e-32
1.1102230246251565e-16,4.70594638651659e-15,1.5854199352828126e-32
1.1102230246251565e-16,3.3729876905317514e-15,1.2734134465508142e-32
1.2719202621569003e-16,3.622102617839573e-15,4.3167018037960213e-32
1.1102230246251565e-16,6.804716797040867e-16,3.9777528232038246e-32
7.850462293418876e-17,2.8891891099773598e-15,1.9045295442219874e-32
5.551115123125783e-17,5.933870086904468e-16,1.4486864490261654e-31
6.206335383118183e-17,9.067562725234486e-15,4.4312560961094174e-32
7.850462293418876e-17,7.085463544421451e-15,2.594382321455199e-32
9.614813431917819e-17,7.146952931568457e-15,4.622231866529366e-33
8.326672684688674e-17,4.371304900854252e-15,1.440890905268736e-32
5.551115123125783e-17,2.6506211417561427e-15,1.9012186392444611e-32
8.326672684688674e-17,6.030198229493037e-15,2.3960822400323282e-32
5.551115123125783e-17,3.512488655814084e-14,1.5193168892433902e-32
7.850462293418876e-17,2.027745688983178e-14,5.093929792920068e-32
7.850462293418876e-17,2.0693866442290107e-14,1.164117557992946e-31
9.614813431917819e-17,4.487588210262417e-14,1.2950202378988282e-32
1.1443916996305594e-16,6.7452473341752635e-15,3.951443634600918e-32
5.551115123125783e-17,6.201751552958815e-14,2.824789980994754e-32
4.0125770192081414e-16,3.0125989228455904e-15,3.6404107940906407e-31
2.482534153247273e-16,4.8614096698035526e-14,1.1103461485787864e-31
1.5700924586837752e-16,5.854913679301108e-14,2.944837770033351e-32
0.0,1.3190773068913072e-13,9.304657085034811e-32
6.206335383118183e-17,6.248497038701511e-14,3.2212255322011553e-32
0.0,7.206589610613431e-13,4.159202563874584e-32
5.551115123125783e-17,1.81157606977273e-12,2.640269571507809e-32
