0.010101556777954102
0.006932497024536133
0.01839756965637207
0.017570018768310547
0.023700714111328125
0.016181230545043945
0.01013040542602539
0.020203113555908203
0.021768808364868164
0.03136801719665527
0.025304555892944336
0.016071796417236328
0.0162050724029541
0.016080617904663086
0.015740394592285156
0.01949477195739746
0.02113652229309082
0.016164779663085938
0.024124860763549805
0.015753507614135742
0.02083754539489746
0.03169965744018555
0.02060675621032715
0.015607357025146484
0.015714168548583984
0.015508651733398438
0.024528980255126953
0.021712541580200195
0.03171658515930176
0.0202176570892334
0.027575254440307617
0.022188901901245117
0.027220964431762695
0.027527809143066406
0.021224260330200195
0.016016244888305664
0.016106128692626953
0.020796537399291992
0.020226478576660156
0.018076181411743164
0.03185868263244629
0.03238320350646973
0.021706581115722656
0.015579462051391602
0.021807432174682617
0.031781911849975586
0.026284217834472656
0.015836000442504883
0.006084918975830078
0.022103071212768555
0.021210908889770508
0.015679359436035156
0.023068666458129883
0.016005277633666992
0.016062259674072266
0.016005277633666992
0.022072315216064453
0.024958133697509766
0.019124507904052734
0.02428150177001953
0.014732837677001953
0.023003816604614258
0.029632568359375
0.0217134952545166
0.01600933074951172
0.01855778694152832
0.021518230438232422
0.011506319046020508
0.016017436981201172
0.028649091720581055
0.011512517929077148
0.031812429428100586
0.027611970901489258
0.01572418212890625
0.011517524719238281
0.0160064697265625
0.025747060775756836
0.03171801567077637
0.014194965362548828
0.03169107437133789
0.020058155059814453
0.025687694549560547
0.020061254501342773
0.031729936599731445
0.020058870315551758
0.016083717346191406
0.015725135803222656
0.015082359313964844
0.017178058624267578
0.01600503921508789
0.01570892333984375
0.01401376724243164
0.025690317153930664
0.02466440200805664
0.015706539154052734
0.010036706924438477
0.011506080627441406
0.02052474021911621
0.024161100387573242
0.011514663696289062
0.025730133056640625
