0.0,0.0,0.0
7.850462293418876e-17,1.3368714023314497e-12,1.1832773799656979e-32
3.925231146709438e-17,2.2278060381038428e-12,1.3394440599693533e-32
8.777083671441753e-17,3.9574520457363005e-13,1.7260767317716722e-31
5.551115123125783e-17,2.92999078195119e-13,5.768588228170086e-32
1.2412670766236366e-16,1.5555041025133688e-13,4.8317356205122196e-32
2.0206364052201326e-16,2.9447920981212476e-15,8.955104182476007e-32
3.1031676915590914e-16,1.6270475207196847e-14,4.966150973523021e-31
1.415262216750919e-16,3.7283283270688395e-14,1.0014835710813626e-32
6.206335383118183e-17,4.211287425694416e-14,8.683672421171726e-33
1.415262216750919e-16,2.5168375667239055e-14,1.0014835710813626e-32
1.1443916996305594e-16,1.6967739563611202e-14,5.489647532355827e-32
1.2719202621569003e-16,2.0169148462554022e-14,3.377043096813488e-32
1.1775693440128312e-16,6.151799065376612e-15,1.4755925671500018e-32
5.551115123125783e-17,1.2952526782391402e-14,2.121693214339799e-32
1.3877787807814457e-16,2.5112301859773264e-15,2.4509574843893684e-32
6.206335383118183e-17,1.7303152856390425e-14,5.599229183380952e-32
8.777083671441753e-17,3.3968720635861723e-15,3.6075699716577506e-32
6.206335383118183e-17,2.657813762902155e-15,1.7254169178909555e-32
1.2412670766236366e-16,6.293566251563711e-15,2.0427564784525572e-32
1.1775693440128312e-16,1.1768311385048501e-14,6.933347799794049e-33
8.326672684688674e-17,7.063051202083103e-15,1.381718126655156e-32
7.850462293418876e-17,8.189030062158185e-15,3.0814879110195774e-33
1.1443916996305594e-16,5.406930491631516e-15,2.4022383155220944e-32
3.925231146709438e-17,2.7191569926848805e-15,1.906622304179427e-32
6.206335383118183e-17,1.37528864337464e-15,1.925929944387236e-33
3.925231146709438e-17,1.5913254533942762e-15,2.453468603521856e-32
3.925231146709438e-17,3.015379059042514e-15,2.629311946243216e-32
1.2412670766236366e-16,3.2575336791946807e-15,1.239126608285608e-31
5.551115123125783e-17,3.357346098357926e-15,3.1569416954415667e-32
1.5700924586837752e-16,6.41538174324453e-16,2.1506518271842665e-32
0.0,3.3195210820047103e-15,3.347049015467143e-32
1.3597399555105182e-16,7.588815465014242e-16,4.416456442218218e-32
2.7755575615628914e-17,1.895112950574332e-15,1.229287466841764e-32
6.206335383118183e-17,6.140168365247346e-15,7.449650390005613e-32
5.551115123125783e-17,1.2950021553901092e-15,7.676555053055011e-32
5.551115123125783e-17,1.5107200708097726e-15,9.927992576217219e-33
7.850462293418876e-17,4.475754658223745e-16,3.0814879110195774e-33
2.7755575615628914e-17,2.652505647114947e-15,3.8521087963970057e-32
1.3597399555105182e-16,7.558886112543045e-15,3.90587340666263e-32
5.551115123125783e-17,1.6291630380685229e-15,1.5407439555097887e-33
7.850462293418876e-17,6.207278141135808e-15,5.619099752664975e-32
2.7755575615628914e-17,1.4539596611214888e-15,1.0189555485722558e-32
1.1443916996305594e-16,4.314325313871769e-15,6.548161810916602e-33
1.594436429147036e-16,1.1980447938690523e-15,2.4434512425276516e-32
6.206335383118183e-17,3.678200009784062e-15,1.925929944387236e-33
1.594436429147036e-16,1.3121731381264496e-15,1.2711137632955757e-32
7.97218214573518e-17,2.197080528718581e-15,3.0228604458386343e-32
5.721958498152797e-17,2.308603475962709e-15,1.6370404527291505e-33
7.850462293418876e-17,1.6609920666080003e-16,1.227452120810409e-31
1.3877787807814457e-17,7.478569755307851e-16,1.8212933220988218e-32
7.88106850030428e-17,3.4245884353598233e-15,3.105562035324418e-33
7.88106850030428e-17,1.513697081597733e-15,3.2138223019805655e-32
0.0,4.646427605224473e-15,4.5478118132207666e-32
5.551115123125783e-17,1.875966893998611e-15,2.329700361225583e-32
7.852378676284824e-17,3.448008924974297e-15,1.0938435855070509e-32
0.0,1.976695897494813e-15,5.899941310802178e-32
3.469446951953614e-18,5.103409053974224e-15,5.759667104989632e-32
5.575456304969596e-17,2.926280551653094e-15,1.5542856504312614e-33
1.2417518519112547e-16,9.483203799793408e-15,3.149536840056637e-32
6.938893903907228e-18,6.5878174459421274e-15,4.40964165221447e-32
1.1188630228279524e-16,4.5859789730173454e-15,1.3738360107479245e-32
5.721958498152797e-17,1.7536741668411917e-15,1.322499374989461e-32
5.594315114139762e-17,7.376785071131388e-15,5.012784224905922e-32
5.551115123125783e-17,7.286829802236092e-16,9.179939657990026e-33
7.97218214573518e-17,2.3134838369223025e-15,3.177784408238939e-33
7.850462293418876e-17,5.367744623211019e-15,3.0814879110195774e-33
7.850462293418876e-17,1.2353764754847225e-15,1.2131326638847215e-32
7.850462293418876e-17,5.230218609804675e-15,2.862982304678381e-32
2.7755575615628914e-17,7.135210988901971e-15,7.583853188058437e-32
5.551115123125783e-17,7.193839482354965e-15,2.1596960064891378e-32
5.551115123125783e-17,6.960896945426616e-15,1.7200624820788072e-32
8.326672684688674e-17,2.7371627786196397e-15,3.6737897858117573e-32
1.2719202621569003e-16,4.822845749591576e-15,2.2709692247580578e-32
2.7755575615628914e-17,2.339755514347753e-16,6.252253482025566e-32
1.2412670766236366e-16,7.52028857318233e-15,2.0217900333944057e-32
1.8619006149354548e-16,6.340983581685874e-15,8.186497996892637e-32
1.1443916996305594e-16,1.6523894462740266e-15,5.643948356655595e-32
1.2412670766236366e-16,5.540527549957383e-15,2.3258698875460725e-32
2.7755575615628914e-17,1.3273616166569128e-15,2.1631272541059377e-32
7.850462293418876e-17,1.4211505221616926e-14,3.0814879110195774e-33
8.326672684688674e-17,2.5676626596722156e-15,6.778151775461386e-32
5.551115123125783e-17,3.6689955147884325e-15,1.5407439555097887e-33
1.5700924586837752e-16,3.437498906042307e-15,1.232595164407831e-32
6.206335383118183e-17,7.135615856110852e-15,2.5384719266004847e-32
5.551115123125783e-17,1.0249138568618652e-14,1.713596522300893e-32
6.206335383118183e-17,2.906560114818651e-15,1.9909253357839173e-32
6.206335383118183e-17,1.2036651069190566e-14,2.371415608186586e-32
1.5700924586837752e-16,6.651211229736642e-16,2.105650104009845e-32
1.1443916996305594e-16,2.2376851637489346e-14,5.56754181135572e-32
7.850462293418876e-17,2.380257060319451e-14,2.6172983422720216e-32
7.850462293418876e-17,3.3330968019551025e-15,3.248289368595744e-32
2.7755575615628914e-17,1.6007653766268239e-15,1.2313257338825866e-32
6.206335383118183e-17,5.4672143489065705e-16,1.3380923537786292e-32
4.0125770192081414e-16,5.963967321731354e-14,3.8817818152967455e-31
1.942890293094024e-16,1.4031150385735654e-14,3.540613120791097e-32
1.3597399555105182e-16,1.8165324771614801e-13,2.9527008199385944e-32
8.326672684688674e-17,8.908383215232556e-15,1.8546052049653936e-32
1.2719202621569003e-16,1.847134641584874e-13,2.5769419638706153e-32
6.206335383118183e-17,5.979884886253327e-13,1.925929944387236e-33
2.7755575615628914e-17,1.6893656003647464e-12,1.8750961077544233e-31
