0.0
0.014571428298950195
0.004036426544189453
0.012049674987792969
0.008352994918823242
0.010026931762695312
0.02312922477722168
0.01055288314819336
0.015830516815185547
0.015704870223999023
0.004503488540649414
0.015714406967163086
0.006087064743041992
0.01562356948852539
0.0
0.010053157806396484
0.0
0.010009765625
0.008257389068603516
0.005506753921508789
0.007505655288696289
0.021139860153198242
0.008341550827026367
0.010002613067626953
0.0
0.010008573532104492
0.006003379821777344
0.01600503921508789
0.008145332336425781
0.011544466018676758
0.010172128677368164
0.0169827938079834
0.008521318435668945
0.0
0.008307933807373047
0.008518218994140625
0.010112524032592773
0.010028600692749023
0.0
0.010118246078491211
0.011625051498413086
0.004073619842529297
0.015738725662231445
0.0
0.003509998321533203
0.0
0.0
0.00962519645690918
0.015748262405395508
0.0
0.011039018630981445
0.010036230087280273
0.01563096046447754
0.006031036376953125
0.005539417266845703
0.0046329498291015625
0.010004758834838867
0.0160672664642334
0.005541801452636719
0.006121635437011719
0.0
0.005079030990600586
0.0
0.015704870223999023
0.0
0.005051851272583008
0.005510091781616211
0.0
0.0
0.015708208084106445
0.012003183364868164
0.010002851486206055
0.016010522842407227
0.011005401611328125
0.0
0.007559776306152344
0.006002664566040039
0.0
0.0
0.0
0.012019634246826172
0.00836634635925293
0.008021116256713867
0.0
0.009000062942504883
0.012404918670654297
0.0
0.010141849517822266
0.016039609909057617
0.005541086196899414
0.007464408874511719
0.0069468021392822266
0.008058309555053711
0.007828950881958008
0.007552623748779297
0.00799250602722168
0.004963874816894531
0.0
0.0
0.0
0.0
