0.15921746293252687,-0.20486657703447186,0.5410054191302465,0.4227064190379596,0.24674337468238955,0.8714496806070708,-0.031818933424693406
0.15922264282620252,-0.20486645590615976,0.5410051851137392,0.4227137007980802,0.2467331251450347,0.8714490022290066,-0.03182025499307978
0.159258278645973,-0.20486561978538897,0.5410035746356776,0.4227637924466025,0.24666261876265272,0.8714443303341953,-0.03182934855918366
0.1593531289368406,-0.2048633704840511,0.5409992836013822,0.4228970829908611,0.24647501257810497,0.8714318537162626,-0.03185356653629206
0.15953413502762717,-0.2048589819089366,0.5409910767079857,0.42315129992797956,0.24611722934642413,0.8714078763985061,-0.031899839164901446
0.15982645880871998,-0.20485162795527817,0.5409777721539408,0.4235614541411163,0.24554005457826336,0.8713686895049504,-0.03197472617540186
0.1602535200431378,-0.20484029294524636,0.5409582227518972,0.4241597574508367,0.2446982763385827,0.8713104153719204,-0.03208447881118566
0.1608370327009364,-0.20482367035969148,0.5409312942289946,0.42497552067569627,0.24355085455740444,0.8712288366581925,-0.032235108903047045
0.16159703963421523,-0.2048000550305471,0.5408958412812988,0.42603503884119187,0.24206110821724616,0.8711192231686072,-0.032432462045688726
0.16255194477362986,-0.2047672334086071,0.5408506817561678,0.4273614691022836,0.24019691016018382,0.8709761689325384,-0.03268229226717164
0.16371854194515767,-0.20472237599408816,0.5407945691772151,0.4289747059787155,0.23793088045057545,0.8707934516844108,-0.03299033588853648
0.16511203938883173,-0.20466193551311002,0.5407261637072773,0.4308912576946671,0.2352405701613087,0.870563926212909,-0.03336238254764239
0.16674607911395903,-0.20458155394000965,0.5406440015687235,0.43312412675017414,0.2321086281406415,0.8702794620455697,-0.03380434160344338
0.16863275034699665,-0.20447598100119804,0.5405464629086113,0.4356826973466775,0.22852294374595813,0.8699309346011083,-0.034322302347705065
0.17078259651282923,-0.20433900634919072,0.5404317381080448,0.4385726319267497,0.22447675873726156,0.8695082772778455,-0.03492258663057946
0.17320461542742477,-0.20416340716356787,0.5402977925885641,0.4417957788612135,0.21996874154272808,0.8690005999699624,-0.03561179265871978
0.1759062526560314,-0.203940912517396,0.5401423302604713,0.44535009320934477,0.21500301700079935,0.8683963772427404,-0.03639682885452933
0.17889338828995766,-0.20366218544212739,0.5399627558845737,0.4492295724674022,0.20958914452663227,0.8676837068925524,-0.03728493677812612
0.18217031769874642,-0.20331682323129835,0.5397561367750001,0.45342420928827865,0.20374203752718434,0.8668506369150996,-0.03828370221722167
0.18573972710499445,-0.2028933761450753,0.5395191644506494,0.457919963274911,0.19748181689479938,0.8658855560646505,-0.039401053651448095
0.18960266508870516,-0.20237938431729802,0.5392481170396143,0.46269875409762784,0.19083359163854174,0.8647776402765436,-0.040645247404465165
0.19375851134142416,-0.20176143232967336,0.5389388234467101,0.4677384783377134,0.18382716025408502,0.8635173443244853,-0.04202483891733166
0.19820494414512996,-0.20102522061179126,0.5385866304999705,0.4730130525898705,0.17649662736972369,0.8620969252848325,-0.04354863971656519
0.20293790813890264,-0.20015565256003603,0.5381863744874862,0.4784924854439407,0.1688799315987465,0.8605109817841086,-0.045225659816440174
0.2079515839548832,-0.19913693605379248,0.5377323586700119,0.4841429809890281,0.16101828241917215,0.8587569907255588,-0.04706503549153891
0.2132383612569392,-0.19795269789423894,0.5372183384952455,0.48992707642388317,0.15295550630105828,0.8568358213440154,-0.049075942585549995
0.21878881660979613,-0.19658610960905293,0.536637516333933,0.4958038161997315,0.14473730518973327,0.854752205147197,-0.05126749578632608
0.22459169745813565,-0.19502002306232596,0.5359825475932856,0.5017289648545492,0.13641043377258757,0.8525151396838455,-0.05364863459390551
0.23063391332422864,-0.19323711438551996,0.5352455600274817,0.5076552603137284,0.1280218056123925,0.8501382042427518,-0.05622799703397482
0.2369005351627759,-0.19122003489908765,0.5344181879475061,0.51353270892767,0.11961754209029771,0.8476397666217854,-0.05901378251772941
0.24337480366807374,-0.18895156791513631,0.5334916228246682,0.5193089228935684,0.11124198200109087,0.8450430620759023,-0.0620136056117804
0.2500381472359884,-0.18641479058111343,0.5324566814784228,0.524929499974223,0.10293667338640114,0.8423761284854209,-0.0652343428484364
0.25687021026244544,-0.18359324021706613,0.5313038926381224,0.5303384445912736,0.09473937256599699,0.8396715856664259,-0.06868197506434984
0.2638488925255755,-0.1804710848818046,0.5300236021734674,0.5354786284521119,0.08668307810703138,0.8369662515093174,-0.07236142809105829
0.27095040055543546,-0.17703329813851754,0.5286060967084831,0.5402922878885771,0.07879512943765593,0.8343005931630095,-0.07627641491890125
0.2781493121368793,-0.17326583813809918,0.5270417446834778,0.544721554068611,0.07109640075939593,0.8317180176094355,-0.0804292827020561
0.28541865539849753,-0.1691558311601963,0.5253211532290911,0.5487090112167733,0.06360062067376411,0.8292640124745901,-0.08482086815144979
0.29273000428130874,-0.1646917596150413,0.5234353384921553,0.5521982769793211,0.05631384638665579,0.826985154530879,-0.08945036496151049
0.3000535925111733,-0.15986365419085186,0.521375906335326,0.5551345981271021,0.0492341184266545,0.8249280097608004,-0.09431520692388916
0.3073584484658086,-0.15466328932359918,0.519135239655401,0.5574654539392979,0.04235131751651587,0.8231379547532572,-0.0994109702874514
0.31461255347315115,-0.14908438047732983,0.5167066879648753,0.5591411588867448,0.03564723965426305,0.8216579542678355,-0.10473129872304182
0.3217830260456326,-0.14312278088265723,0.5140847543934761,0.5601154556665753,0.02909589875436431,0.8205273337227704,-0.11026785394167164
0.3288363342943188,-0.13677667443679742,0.5112652749246844,0.5603460892581529,0.022664058610074433,0.8197805878696469,-0.11601029459711493
0.33573853824052374,-0.13004676048693517,0.5082455845156428,0.5597953524975109,0.016311987771209756,0.8194462677986598,-0.12194628558503365
0.34245556293179946,-0.12293642528010071,0.5050246647795992,0.5584305937209907,0.00999442254830384,0.8195459875331168,-0.1280615392407738
0.34895350217882143,-0.11545189405573211,0.5016032681517499,0.5562246773192151,0.003661715149726533,0.8200935887685125,-0.1343398892514037
0.3551989513902335,-0.10760235717129085,0.4979840139154311,0.5531563885730125,-0.0027388636584138332,0.8210944978335565,-0.14076339735237536
0.3611593664509086,-0.09940006336900055,0.49417145212833846,0.5492107749080104,-0.009261704613261324,0.8225453028402571,-0.14731249209768094
0.3668034439461726,-0.0908603733798724,0.49017209233875647,0.5443794166912405,-0.01596136526936412,0.8244335714843457,-0.1539661381967117
0.3721015163803434,-0.08200176756349738,0.4859943949896727,0.5386606218789926,-0.02289104674466031,0.8267379213770163,-0.16070203412863598
0.37702595448438797,-0.07284580221367748,0.4816487245345921,0.5320595401824215,-0.03010108985965645,0.8294283455220564,-0.16749683499897955
0.3815515673696328,-0.06341701050353944,0.4771472644856051,0.524588193908533,-0.03763753843119514,0.8324667860334957,-0.1743263969216532
0.38565599027076597,-0.05374274574913014,0.47250389582950225,0.5162654242199322,-0.04554081527975593,0.835807939871308,-0.1811660386130599
0.3893200490241296,-0.04385296665684325,0.46773404142698866,0.507116753190488,-0.053844552398842956,0.8394002717041963,-0.18799081539646387
0.392528090314096,-0.03377996638147543,0.46285448009994434,0.4971741636694153,-0.06257461091050985,0.8431872014018957,-0.19477580045029858
0.39526826712758534,-0.023558049434847995,0.45788313506293277,0.4864758005549886,-0.07174831918022785,0.8471084274692752,-0.201496367907034
0.3975327697857653,-0.013223162618547063,0.45283884212567327,0.4750655985750227,-0.08137394914759558,0.8511013432355622,-0.20812847232731468
0.3993179943381223,-0.002812488079532144,0.4477411036503129,0.4629928430309119,-0.09145044195922208,0.8551024999843359,-0.21464891914043085
0.4006246419392832,0.00763599181218069,0.44260983456972236,0.4503116711474187,-0.10196738480357377,0.859049070530002,-0.22103562085392167
0.40145774498683195,0.018083946883824364,0.43746510685172046,0.4370805226485525,-0.11290523188215254,0.862880267986023,-0.2272678341852947
0.4018266181618498,0.028493157303822528,0.4323268986325878,0.4233615489272436,-0.1242357541156318,0.866538677500643,-0.23332637374433737
0.4017447349544106,0.038825965700964984,0.4272148538569207,0.40921999067488257,-0.13592269483909084,0.8699714633414777,-0.23919379847984457
0.40122953264348454,0.04904571185660774,0.4221480576757905,0.3947235340798044,-0.14792260267745966,0.8731314196032448,-0.24485456777911724
0.40030215091205135,0.05911713940158042,0.41714483210587666,0.37994165569102867,-0.16018580822171535,0.8759778396554706,-0.2502951648507227
0.3989871112072718,0.06900676520973771,0.4122225555795618,0.3649449657846626,-0.17265750816868947,0.8784771868732086,-0.255504185806699
0.3973119455185708,0.07868320378313125,0.40739750906417943,0.3498045595825492,-0.18527891927337775,0.8806035568326859,-0.2604723936653758
0.3953067843866391,0.08811744077065083,0.40268475044286695,0.33459138497931223,-0.19798846473806872,0.8823389286512198,-0.26519273729668
0.393003914645761,0.0972830517467986,0.3980980178732413,0.31937563456505114,-0.21072295739688435,0.883673210187768,-0.2696603361054912
0.39043731764084555,0.1061563643946356,0.39364966191279305,0.3042261687200825,-0.22341874705519627,0.8846040881287988,-0.27387243197518557
0.3876421984751326,0.11471656418904846,0.3893506053552575,0.28920997544289206,-0.2360128033720107,0.8851366993562819,-0.2778283106551118
0.3846545162822359,0.12294574547874865,0.38521032898685326,0.27439167138998366,-0.24844371046379482,0.885283144289836,-0.28152919535830506
0.38151052464043994,0.13082891145030134,0.3812368808640411,0.2598330473967479,-0.2606525546808142,0.8850618660399378,-0.28497811582784344
0.3782463301317474,0.13835392777676242,0.3774369062463168,0.24559266054719722,-0.27258369249008624,0.8844969211947536,-0.288179756525022
0.3748974757710219,0.14551143577885634,0.37381569499167305,0.23172547370307084,-0.2841853908370742,0.8836171689378407,-0.29114028788565527
0.37149855466870163,0.15229473164841403,0.3703772430352248,0.21828254231978628,-0.2954103375276051,0.8824554050537061,-0.2938671847820657
0.36808285791535383,0.15869961870898794,0.3671243245136045,0.20531074739505736,-0.30621602388501323,0.8810474663556773,-0.29636903641976114
0.36468205935008446,0.16472423983779919,0.36405857115507545,0.19285257253668478,-0.31656500605177446,0.8794313293226502,-0.2986553518944856
0.36132593864842344,0.17036889707707628,0.36118055571079727,0.18094592241590704,-0.3264250547196278,0.8776462244274467,-0.30073636554396366
0.3580421430769767,0.17563586515855728,0.3584898764372673,0.16962397930158138,-0.33576920573076985,0.8757317849506197,-0.3026228460576402
0.3548559873371836,0.18052920519287835,0.35598523993425946,0.15891509395436354,-0.34457572587741875,0.8737272461620759,-0.3043259130661751
0.3517902901718755,0.1850545841761391,0.35366453997764974,0.14884270689737833,-0.3528280093560353,0.8716707077652462,-0.3058568646300969
0.34886524583784306,0.18921910527752175,0.35152493034510834,0.13942529596580838,-0.3605144207514148,0.8695984695592477,-0.30722701869355956
0.34609832814751895,0.19303115312866448,0.349562889999522,0.13067634606218845,-0.3676281002030578,0.8675444474826864,-0.3084475711735886
0.3435042245377158,0.1965002575668084,0.3477742793578203,0.12260433719129966,-0.37416674562748026,0.8655396746298168,-0.30952947292646205
0.34109479751164884,0.1996369785131777,0.34615438672181786,0.11521274710165505,-0.38013238562858287,0.8636118895208041,-0.3104833273783293
0.3388790707967625,0.20245281391353148,0.34469796427607685,0.10850006519654773,-0.38553115512554226,0.8617852118815403,-0.31131931013382164
0.33686323763702186,0.20496013194209703,0.3433992533613771,0.10245981477405396,-0.3903730838631092,0.8600799044419722,-0.3120471113898677
0.33505068876494626,0.20717212798157658,0.3422519990092466,0.09708058108462085,-0.39467190594253215,0.8585122177727662,-0.31267590148722346
0.3334420577466196,0.2091028062448973,0.3412494539732482,0.09234604313131818,-0.3984448964148172,0.8570943139123671,-0.3132143194332963
0.3320352815335414,0.21076698530122284,0.3403843727175237,0.08823500755237507,-0.4017127388993349,0.8558342634439353,-0.31367048373030537
0.33082567416202757,0.21218032620924931,0.339648996024856,0.08472144329117512,-0.40449942620907575,0.8547361097131785,-0.314052024345601
0.32980601158928696,0.21335938144469863,0.33903502706767297,0.08177451604926166,-0.4068321941485911,0.8537999929825537,-0.3143661341686526
0.3289666256240984,0.21432166233483968,0.33853359994871185,0.07935862170695819,-0.408741487064277,0.8530223264456734,-0.3146196378144034
0.32829550478092684,0.21508572228039924,0.3381352418656715,0.07743341796306362,-0.41026095241853505,0.8523960151362919,-0.3148190751574059
0.3277783996454878,0.21567125265349968,0.33782983018798374,0.07595385337072035,-0.41142746066861696,0.8519107078251807,-0.31497079651725207
0.32739892997756126,0.21609918790897648,0.3376065458550963,0.07487019271890938,-0.4122811460822381,0.851553070981538,-0.31508106596439783
0.3271386902887699,0.2163918161343501,0.33745382461555296,0.07412803731928684,-0.412865463825763,0.8513070727680491,-0.31515616877704217
0.32697735002009454,0.21657289098837434,0.337359307725706,0.07366833820752135,-0.4132272587074142,0.8511542638335091,-0.31520251865258814
0.3268927437133444,0.21666774073381645,0.3373097938180623,0.073427399570898,-0.4134168413129948,0.8510740403635503,-0.3152267598575726
0.3268609457361735,0.21670336984725974,0.3372911937352768,0.07333686887928453,-0.4134880678872299,0.8510438734441664,-0.31523585908176405
0.3268563232025763,0.21670854847051357,0.3372884902122618,0.07332370927489072,-0.41349842108975704,0.8510394872859096,-0.3152371813326996
