0.15921746293252687,-0.20486657703447186,0.5410054191302465,0.4227064190379596,0.24674337468238955,0.8714496806070708,-0.031818933424693406
0.15922139551328784,-0.20486568308234954,0.541003462668828,0.4226999478700878,0.24673890010724736,0.8714542300814276,-0.03181499831332802
0.15924845029873563,-0.2048595308009053,0.540990002760283,0.4226554270056707,0.246708114726577,0.8714855269186876,-0.031787930444897305
0.15932046111282827,-0.20484313673917465,0.5409541758181338,0.4225369147444406,0.24662615849848124,0.8715688119339112,-0.03171592165840215
0.15945788298810543,-0.2048117755082904,0.540885800781707,0.42231070110349267,0.24646969346326392,0.8717276814784805,-0.03157865231060382
0.1596798217061927,-0.20476091700086368,0.5407753609068945,0.4219452217045297,0.24621682273005263,0.8719840717104911,-0.03135737183863306
0.16000406321489974,-0.20468614976354887,0.5406139846417997,0.4214109627943097,0.24584699770385648,0.8723582306196491,-0.031035006475399172
0.1604471024875993,-0.2045830949918826,0.5403934259525378,0.42068036126808084,0.2453409175346753,0.8728686814910978,-0.030596285699301243
0.16102417127123958,-0.2044473151362622,0.5401060444492398,0.41972770353221484,0.2446804244244228,0.873532180982102,-0.030027880040220122
0.16174926407291831,-0.20427422065737594,0.5397447856452683,0.4185290269349545,0.24384839806303565,0.8743636745453691,-0.029318543798956816
0.16263516167313374,-0.2040589780499188,0.5393031616619417,0.41706202738022985,0.24282865214038116,0.8753762515067005,-0.02845925711005266
0.1636934514341141,-0.20379642186574087,0.5387752326654878,0.41530597653409684,0.24160583554411116,0.8765811017462716,-0.027443362537867083
0.1649345436976172,-0.20348097311178326,0.5381555892919321,0.41324165177434263,0.2401653405349617,0.8779874756125057,-0.026266692066543675
0.1663676836387566,-0.20310656607335714,0.5374393362790407,0.4108512816935428,0.23849321987168276,0.8796026484330371,-0.024927680910931175
0.16800095805866153,-0.20266658531771026,0.5366220774826121,0.4081185095629512,0.2365761145488995,0.8814318907654268,-0.023427465051639628
0.16984129675493453,-0.20215381436350532,0.5356999024079582,0.40502837669241265,0.23440119350489017,0.8834784453558543,-0.021769959783952277
0.17189446829909757,-0.20156039725506308,0.5346693743373008,0.4015673270962719,0.23195610635912436,0.8857435116363037,-0.019961916883393414
0.174165070267457,-0.2008778140515245,0.5335275200811289,0.3977232342990741,0.22922894994754667,0.8882262384888626,-0.01801295823997482
0.17665651420803002,-0.2000968710254818,0.5322718213276306,0.39348545050261435,0.22620824914123153,0.8909237259301458,-0.015935584016897066
0.17937100587272312,-0.19920770615798677,0.5309002075105096,0.38884487769320314,0.22288295215855314,0.8938310363163756,-0.01374515356189451
0.1823095214918013,-0.19819981031220424,0.5294110500632642,0.38379405960999724,0.21924244031602055,0.8969412156310685,-0.011459837460235938
0.1854717811076614,-0.19706206426185446,0.5278031578787972,0.3783272928301279,0.21527655190676784,0.9002453253884259,-0.009100539283280917
0.18885622020795256,-0.1957827915393862,0.5260757737484425,0.3724407545689648,0.21097561965110745,0.9037324856585953,-0.006690785773604762
0.19245996109544283,-0.19434982685004143,0.5242285715154921,0.36613264415457686,0.2063305209296448,0.9073899296918931,-0.004256584431275564
0.19627878559556936,-0.19275059957056156,0.5222616536462852,0.35940333453140333,0.20133273978985147,0.9112030705806523,-0.001826247740866491
0.200307110825018,-0.19097223161566235,0.5201755488979831,0.3522555295899036,0.19597443951024068,0.9151555803475551,0.0005698163856671139
0.20453796981980166,-0.18900164871374697,0.517971209747158,0.34469442262524436,0.19024854431661362,0.9192294817823291,0.0028993479697615888
0.20896299884432412,-0.1868257038892665,0.5156500092379845,0.33672785081267065,0.18414882867273738,0.9234052532629268,0.005128511671893283
0.21357243317067387,-0.1844313117079323,0.5132137369135326,0.32836644026594375,0.17767001241541983,0.9276619466908718,0.007222205831968239
0.21835511302859098,-0.18180559160901288,0.5106645935086154,0.3196237360351324,0.17080785987472508,0.9319773185416649,0.009144402213836476
0.22329850128190054,-0.17893601843354778,0.5080051841076945,0.3105163113134189,0.1635592810146331,0.9363279738814196,0.010858514143274448
0.22838871418955353,-0.17581057806625633,0.5052385095060685,0.30106385017530307,0.15592243255243787,0.9406895230299027,0.012327790001745298
0.23361056636371902,-0.17241792594999475,0.5023679555562186,0.2912891983682292,0.14789681696644152,0.9450367503616869,0.013515728282709883
0.2389476307505928,-0.16874754611203824,0.4993972803327166,0.281218377037379,0.1394833772859107,0.9493437945324945,0.014386509653964374
0.24438231414050882,-0.1647899082674491,0.4963305990071664,0.2708805547801148,0.13068458557445112,0.953584339202397,0.014905440724077517
0.2498959483727208,-0.16053662054099108,0.4931723663876548,0.26030797410321505,0.12150452307052631,0.9577318131051775,0.01503940351055039
0.255468897048109,-0.1559805753782497,0.4899273571432784,0.24953582918639083,0.11194895003745502,0.9617595980893473,0.014757303981044363
0.26108067721166306,-0.15111608629937437,0.4866006438015077,0.2386020928280549,0.10202536349998914,0.965641243536797,0.014030512516495286
0.2667100951274361,-0.145939013283445,0.483197572672279,0.22754729154635722,0.09174304120468221,0.9693506853560112,0.012833288754813816
0.27233539495251735,-0.14044687475383322,0.47972373791563055,0.2164142290076097,0.08111307033590086,0.9728624675540735,0.011143183042766082
0.2779344188328276,-0.1346389443589398,0.47618495402725325,0.2052476592259594,0.07014835974550629,0.9761519642217394,0.008941406674531055
0.2834847766998304,-0.12851633100047943,0.47258722706648454,0.19409391228950143,0.05886363470920049,0.9791955996242271,0.006213163246491545
0.28896402384887143,-0.12208204084390283,0.46893672499219763,0.18300047668123112,0.04727541350213624,0.9819710639824528,0.0029479338211331643
0.29434984422970634,-0.11534102034284813,0.4652397475021669,0.1720155435377219,0.03540196538543349,0.9844575224599406,-0.0008602908266082006
0.2996202372782009,-0.10830017961190333,0.4615026957896009,0.1611875193828188,0.023263249908542994,0.9866358148431837,-0.005212836812416403
0.30475370606312624,-0.10096839578032726,0.4577320426358261,0.15056451494599007,0.01088083775319164,0.9884886434207891,-0.010106237529144853
0.30972944450932716,-0.09335649624584946,0.45393430325019823,0.14019381858628446,-0.001722186333199555,0.9900007466307671,-0.015532191569558389
0.31452752148264795,-0.08547722201607143,0.45011600724735534,0.13012136355645534,-0.014521337651156006,0.9911590561564803,-0.021477590601022944
0.31912905957616094,-0.07734517157123086,0.4462836721184894,0.12039119882869452,-0.02749086154299684,0.9919528353089164,-0.027924618149853912
0.32351640651454794,-0.06897672590417236,0.44244377850849537,0.11104497343855194,-0.040603877817697066,0.9923737967343073,-0.034850918715762895
0.327673297187338,-0.06038995559145152,0.4386027475561502,0.10212144427355904,-0.053832537900985966,0.9924161977280278,-0.04222983506557009
0.33158500442656536,-0.05160451092545594,0.4347669204917829,0.09365601693048611,-0.06714819278194399,0.9920769117138838,-0.050030709999742094
0.33523847675619795,-0.04264149629454602,0.4309425406184137,0.0856803286952459,-0.08052156964171397,0.9913554747566196,-0.05821924739453968
0.33862246145720004,-0.03352333014045598,0.42713573773046265,0.07822188187478336,-0.09392295490772155,0.9902541063084355,-0.06675792594629766
0.3417276114130469,-0.02427359195369035,0.4233525149514037,0.07130373465515022,-0.10732238138004885,0.9887777037402783,-0.07560645782765982
0.34454657432750707,-0.014916857891859776,0.419598737900688,0.06494425540585526,-0.12068981702821892,0.9869338105681669,-0.08472228344934933
0.34707406304272204,-0.005478526725220823,0.4158801260333422,0.05915694493686438,-0.1339953530579544,0.9847325586459073,-0.09406109273921782
0.34930690583526564,0.004015362071204299,0.4122022459351023,0.05395032968704866,-0.14720938889746168,0.9821865849504998,-0.10357736282783575
0.35124407573566907,0.013538316149855838,0.40857050630375447,0.04932792723031505,-0.16030281185061876,0.979310923927711,-0.11322490178312711
0.35288669810733464,0.02306358201708858,0.40499015430510565,0.045288283879455965,-0.1732471693071438,0.9761228766856103,-0.12295738807133402
0.3542380359374176,0.03256433853635604,0.4014662729609313,0.04182508259861519,-0.18601483158385035,0.9726418586168747,-0.1327288957339825
0.3553034525371655,0.042013890023575716,0.39800377920703606,0.038927317951866304,-0.1985791436914931,0.9688892272908343,-0.14249439584628534
0.35609035162246816,0.05138585671079827,0.3946074222525321,0.03657953346174314,-0.21091456457286395,0.9648880926790463,-0.15221022563859704
0.3566080950446889,0.06065436035059859,0.3912817818763504,0.03476211556562538,-0.22299679263403133,0.9606631119601016,-0.1618345176885025
0.3568678987626131,0.06979420277275288,0.3880312663132708,0.03345163737049454,-0.23480287668434277,0.9562402712883878,-0.17132758278893895
0.35688270798162103,0.07878103529294657,0.38486010940831683,0.03262124463956668,-0.24631131170611018,0.9516466570064142,-0.18065224142616496
0.3566670527271171,0.08759151701465688,0.3817723667538968,0.0322410759109846,-0.25750211918401034,0.9469102188314472,-0.1897741002150364
0.3562368854555556,0.09620346026179541,0.37877191056696485,0.03227870835291213,-0.26835691203068907,0.9420595275558797,-0.19866177109251112
0.3556094026270187,0.10459596163020257,0.37586242311189894,0.03269962089608044,-0.27885894444234255,0.9371235297693022,-0.20728703251886946
0.3548028524571004,0.11274951744664059,0.3730473885269224,0.03346766634093653,-0.2889931472997491,0.9321313020421206,-0.21562493333735364
0.35383633132233666,0.12064612276773062,0.3703300829657479,0.03454554449167855,-0.29874614999104054,0.9271118069097581,-0.22365384125882484
0.35272957150339745,0.1282693534287867,0.367713563019892,0.03589526889743604,-0.3081062897679709,0.9220936528674308,-0.23135543913596254
0.35150272310643377,0.13560443105193193,0.3652006524390414,0.037478620450963146,-0.31706360995240906,0.917104860433756,-0.23871467324364476
0.35017613310024875,0.1426382713310348,0.3627939272153966,0.0392575818740414,-0.3256098484825135,0.9121726361714967,-0.24571965866926465
0.3487701244428211,0.14935951631351252,0.3604956991417243,0.041194747971530256,-0.33373841842467455,0.9073231563714356,-0.25236154762390905
0.3473047782450938,0.1557585517815462,0.35830799799085317,0.043253707428291856,-0.34144438217730233,0.9025813619151432,-0.2586343670061533
0.34579972183520763,0.16182751118388045,0.3562325524956994,0.04539939282232905,-0.3487244211543671,0.8979707656391371,-0.26453483188301935
0.3442739254469532,0.16756026787148798,0.3542707703330796,0.047598396403779095,-0.3555768027608059,0.8935132733303243,-0.2700621417020923
0.3427455100682129,0.17295241763517588,0.35242371733124783,0.0498192500171815,-0.3620013464584849,0.8892290192942608,-0.2752177660234467
0.341231568755719,0.17800125372222467,0.35069209613027374,0.05203266830291959,-0.3679993906720316,0.8851362172559449,-0.2800052263728812
0.3397480034593787,0.18270573661650968,0.3490762245261865,0.05421175498775679,-0.37357376220073796,0.8812510271787336,-0.28442988048508694
0.3383093791103222,0.18706646089930298,0.3475760137247032,0.0563321726538669,-0.37872874968683334,0.8775874384221275,-0.28849871474311883
0.3369287964189767,0.1910856214659318,0.3461909467188035,0.05837227685728324,-0.383470082546065,0.8741571695020496,-0.29222015004919777
0.3356177845089854,0.19476698125941858,0.344920056987153,0.06031321585180683,-0.3878049165958641,0.8709695845671157,-0.2956038656998147
0.3343862141845051,0.19811584250160716,0.3437619076881606,0.062138997470122574,-0.3917418274228214,0.8680316265589241,-0.2986606451046155
0.33324223229573746,0.2011390231626442,0.34271457149815254,0.06383652493210507,-0.39529081231892715,0.8653477668799947,-0.3014022464027796
0.3321922173320575,0.20384484012103427,0.34177561121269606,0.0653956035065745,-0.39846330138811104,0.86291997124633,-0.3038413002097167
0.33124075603404046,0.20624310014005487,0.34094206119838166,0.06680892006661886,-0.40127217818621685,0.8607476812471461,-0.305991235889008
0.33039064047375016,0.20834509943473234,0.3402104097494064,0.06807199767051074,-0.4037318100109809,0.8588278109685149,-0.30786623690400355
0.3296428847044335,0.21016363224015988,0.33957658236992466,0.06918312739430225,-0.40585808771060106,0.8571547578530848,-0.30948122497763486
0.3289967597230978,0.21171300843009494,0.3390359259703444,0.07014327975986158,-0.4076684746313114,0.8557204267615652,-0.3108518719893998
0.32844984511856123,0.21300907988777895,0.33858319393426395,0.07095599826762038,-0.4091820640830744,0.8545142659655188,-0.3119946377807973
0.32799809538983643,0.21406927501104167,0.3382125319834978,0.07162727777566695,-0.41041964446871954,0.8535233135326664,-0.31292683133415555
0.3276359185113673,0.21491264045194874,0.3379174647420923,0.07216543078688618,-0.4114037710037425,0.8527322522570954,-0.3136666921491421
0.32735626388970435,0.2155598889566236,0.33769088287711346,0.07258094512473869,-0.4121588427473308,0.852123470939293,-0.31423348806954465
0.32715071639810617,0.21603345198969126,0.3375250306745504,0.0728863370112204,-0.4127111834806034,0.8516771294250666,-0.31464762532300333
0.3270095926894026,0.2163575357035361,0.33741149389307723,0.07309600421038527,-0.4130891248007807,0.8513712243709302,-0.3149307661263723
0.3269220354718657,0.21655817874469951,0.33734118772666954,0.07322608466721116,-0.4133230896476206,0.8511816522174749,-0.3151059488755886
0.3268761008868586,0.2166633103733422,0.33730434469865156,0.07329432695611188,-0.4134456743504149,0.8510822653128515,-0.31519770568157107
0.3268588335494503,0.2167028073969642,0.3372905023039835,0.07331997983543605,-0.413491727157497,0.8510449165527956,-0.31523217180181107
0.3268563232025753,0.21670854847051385,0.3372884902122616,0.07332370927118857,-0.4134984210845632,0.8510394872902942,-0.31523718132853673
