0.15921746293252687,-0.20486657703447186,0.5410054191302465,0.4227064190379596,0.24674337468238955,0.8714496806070708,-0.031818933424693406
0.15922264282620258,-0.20486645590615987,0.5410051851137392,0.42271370079696036,0.246733125146611,0.8714490022291109,-0.03182025499287662
0.1592582786459729,-0.2048656197853891,0.5410035746356775,0.4227637924467401,0.24666261876245907,0.8714443303341824,-0.031829348559208555
0.15935312893684056,-0.2048633704840511,0.5409992836013822,0.42289708299076506,0.24647501257823987,0.8714318537162717,-0.031853566536274705
0.1595341350276271,-0.20485898190893653,0.5409910767079857,0.42315129992803796,0.24611722934634178,0.8714078763985006,-0.03189983916491217
0.15982645880871998,-0.20485162795527823,0.5409777721539408,0.4235614541410746,0.24554005457832223,0.8713686895049543,-0.03197472617539428
0.16025352004313778,-0.20484029294524633,0.5409582227518972,0.4241597574508602,0.24469827633854918,0.8713104153719182,-0.03208447881118994
0.16083703270093638,-0.20482367035969157,0.5409312942289946,0.42497552067568095,0.24355085455742623,0.8712288366581941,-0.03223510890304425
0.16159703963421518,-0.20480005503054702,0.5408958412812988,0.42603503884120547,0.24206110821722684,0.8711192231686059,-0.03243246204569123
0.1625519447736299,-0.20476723340860714,0.5408506817561678,0.4273614691022708,0.24019691016020198,0.8709761689325398,-0.0326822922671691
0.16371854194515767,-0.2047223759940881,0.5407945691772151,0.4289747059787289,0.23793088045055658,0.8707934516844091,-0.032990335888538995
0.16511203938883173,-0.20466193551311004,0.5407261637072774,0.43089125769469044,0.23524057016127586,0.8705639262129061,-0.03336238254764694
0.166746079113959,-0.20458155394000957,0.5406440015687236,0.43312412675018563,0.23210862814062547,0.8702794620455682,-0.03380434160344556
0.16863275034699665,-0.20447598100119807,0.5405464629086114,0.4356826973466923,0.22852294374593735,0.8699309346011063,-0.03432230234770808
0.17078259651282923,-0.20433900634919067,0.5404317381080448,0.438572631926752,0.2244767587372585,0.8695082772778452,-0.03492258663057982
0.1732046154274248,-0.20416340716356784,0.5402977925885641,0.44179577886121807,0.21996874154272145,0.8690005999699617,-0.035611792658720845
0.17590625265603152,-0.20394091251739593,0.5401423302604713,0.44535009320935237,0.21500301700078892,0.8683963772427391,-0.036396828854530903
0.1788933882899577,-0.20366218544212727,0.5399627558845737,0.4492295724673984,0.20958914452663738,0.867683706892553,-0.037284936778125194
0.1821703176987466,-0.2033168232312982,0.5397561367750001,0.4534242092882814,0.20374203752718004,0.8668506369150991,-0.0382837022172222
0.18573972710499465,-0.2028933761450753,0.5395191644506494,0.4579199632749164,0.19748181689479186,0.8658855560646492,-0.03940105365144903
0.1896026650887052,-0.20237938431729807,0.5392481170396143,0.462698754097633,0.19083359163853444,0.8647776402765424,-0.04064524740446659
0.1937585113414242,-0.20176143232967342,0.5389388234467101,0.46773847833771265,0.18382716025408583,0.8635173443244855,-0.042024838917331504
0.19820494414513,-0.20102522061179123,0.5385866304999704,0.47301305258987353,0.1764966273697194,0.8620969252848317,-0.04354863971656615
0.2029379081389026,-0.2001556525600361,0.5381863744874862,0.47849248544394263,0.16887993159874404,0.860510981784108,-0.045225659816440875
0.2079515839548832,-0.19913693605379243,0.5377323586700119,0.4841429809890241,0.16101828241917773,0.8587569907255601,-0.047065035491537614
0.21323836125693915,-0.19795269789423894,0.5372183384952456,0.4899270764238842,0.15295550630105673,0.8568358213440149,-0.04907594258555046
0.21878881660979618,-0.19658610960905293,0.536637516333933,0.49580381619973796,0.14473730518972425,0.8547522051471946,-0.051267495786328506
0.22459169745813568,-0.19502002306232602,0.5359825475932855,0.5017289648545503,0.1364104337725858,0.8525151396838451,-0.05364863459390607
0.2306339133242286,-0.19323711438552,0.5352455600274817,0.5076552603137309,0.12802180561238904,0.8501382042427508,-0.05622799703397593
0.23690053516277598,-0.19122003489908768,0.5344181879475061,0.5135327089276683,0.11961754209029997,0.8476397666217862,-0.05901378251772863
0.24337480366807376,-0.18895156791513631,0.5334916228246682,0.51930892289357,0.11124198200108874,0.8450430620759016,-0.06201360561178114
0.25003814723598844,-0.18641479058111343,0.5324566814784228,0.5249294999742228,0.10293667338640129,0.842376128485421,-0.06523434284843632
0.2568702102624454,-0.1835932402170661,0.5313038926381224,0.5303384445912777,0.09473937256599071,0.8396715856664239,-0.06868197506435245
0.2638488925255755,-0.18047108488180458,0.5300236021734676,0.535478628452109,0.08668307810703599,0.836966251509319,-0.07236142809105622
0.2709504005554354,-0.17703329813851756,0.528606096708483,0.540292287888573,0.0787951294376626,0.8343005931630119,-0.07627641491889796
0.2781493121368793,-0.17326583813809915,0.5270417446834778,0.5447215540686087,0.07109640075940044,0.831718017609437,-0.08042928270205363
0.2854186553984976,-0.16915583116019636,0.5253211532290911,0.5487090112167697,0.06360062067377076,0.8292640124745925,-0.08482086815144595
0.2927300042813086,-0.16469175961504123,0.5234353384921551,0.552198276979319,0.05631384638666025,0.8269851545308803,-0.08945036496150754
0.30005359251117336,-0.15986365419085177,0.521375906335326,0.5551345981271042,0.04923411842664931,0.8249280097607987,-0.0943152069238926
0.3073584484658085,-0.15466328932359916,0.519135239655401,0.5574654539392997,0.04235131751651034,0.8231379547532557,-0.09941097028745546
0.3146125534731511,-0.14908438047732983,0.5167066879648754,0.5591411588867463,0.03564723965425743,0.8216579542678342,-0.10473129872304626
0.3217830260456325,-0.1431227808826572,0.5140847543934761,0.5601154556665764,0.029095898754356454,0.8205273337227691,-0.11026785394167829
0.32883633429431885,-0.1367766744367974,0.5112652749246843,0.560346089258153,0.02266405861006856,0.8197805878696464,-0.1160102945971201
0.3357385382405237,-0.1300467604869352,0.5082455845156428,0.5597953524975107,0.016311987771209405,0.8194462677986598,-0.12194628558503391
0.3424555629317994,-0.1229364252801007,0.5050246647795993,0.558430593720989,0.009994422548295924,0.8195459875331169,-0.1280615392407815
0.34895350217882143,-0.11545189405573211,0.50160326815175,0.5562246773192123,0.003661715149718518,0.820093588768513,-0.13433988925141166
0.35519895139023355,-0.10760235717129084,0.4979840139154311,0.5531563885730068,-0.0027388636584257005,0.8210944978335583,-0.14076339735238727
0.3611593664509087,-0.09940006336900054,0.4941714521283384,0.5492107749080117,-0.009261704613259349,0.8225453028402565,-0.14731249209767894
0.3668034439461725,-0.09086037337987238,0.49017209233875647,0.5443794166912359,-0.015961365269370465,0.8244335714843475,-0.15396613819671798
0.37210151638034333,-0.08200176756349738,0.4859943949896727,0.5386606218789898,-0.022891046744663718,0.8267379213770173,-0.16070203412863932
0.377025954484388,-0.07284580221367748,0.4816487245345921,0.532059540182421,-0.030101089859657103,0.8294283455220566,-0.16749683499898008
0.38155156736963264,-0.06341701050353947,0.47714726448560507,0.5245881939085347,-0.03763753843119337,0.832466786033495,-0.17432639692165158
0.3856559902707659,-0.05374274574913012,0.4725038958295021,0.5162654242199334,-0.045540815279754863,0.8358079398713075,-0.1811660386130589
0.3893200490241296,-0.043852966656843254,0.4677340414269885,0.5071167531904882,-0.05384455239884252,0.8394002717041963,-0.18799081539646345
0.3925280903140959,-0.033779966381475436,0.46285448009994434,0.49717416366941464,-0.06257461091051052,0.8431872014018961,-0.19477580045029907
0.3952682671275852,-0.023558049434847992,0.45788313506293254,0.48647580055499057,-0.07174831918022606,0.8471084274692746,-0.20149636790703268
0.3975327697857653,-0.013223162618547057,0.4528388421256732,0.47506559857502195,-0.08137394914759605,0.8511013432355624,-0.208128472327315
0.3993179943381223,-0.0028124880795321427,0.4477411036503129,0.46299284303091515,-0.09145044195921945,0.8551024999843347,-0.21464891914042916
0.40062464193928315,0.007635991812180676,0.44260983456972236,0.45031167114741616,-0.10196738480357585,0.8590490705300028,-0.22103562085392298
0.4014577449868319,0.01808394688382436,0.4374651068517206,0.4370805226485517,-0.11290523188215318,0.8628802679860232,-0.2272678341852951
0.4018266181618498,0.028493157303822507,0.4323268986325878,0.4233615489272442,-0.1242357541156313,0.8665386775006427,-0.23332637374433718
0.40174473495441054,0.03882596570096499,0.42721485385692065,0.4092199906748802,-0.13592269483909258,0.8699714633414781,-0.23919379847984548
0.4012295326434846,0.04904571185660776,0.42214805767579056,0.3947235340798037,-0.14792260267746024,0.8731314196032449,-0.24485456777911746
0.40030215091205135,0.05911713940158041,0.41714483210587666,0.3799416556910269,-0.16018580822171666,0.8759778396554708,-0.2502951648507233
0.39898711120727176,0.06900676520973774,0.41222255557956183,0.3649449657846594,-0.17265750816869202,0.8784771868732092,-0.2555041858067
0.39731194551857085,0.07868320378313126,0.40739750906417926,0.3498045595825482,-0.18527891927337858,0.8806035568326861,-0.26047239366537617
0.39530678438663913,0.08811744077065085,0.40268475044286683,0.33459138497931573,-0.19798846473806594,0.8823389286512193,-0.2651927372966789
0.39300391464576107,0.09728305174679858,0.39809801787324134,0.31937563456504614,-0.2107229573968885,0.8836732101877685,-0.2696603361054926
0.39043731764084555,0.10615636439463563,0.3936496619127931,0.30422616872008285,-0.223418747055196,0.8846040881287988,-0.2738724319751854
0.38764219847513254,0.1147165641890484,0.3893506053552578,0.2892099754428939,-0.23601280337200942,0.8851366993562818,-0.2778283106551116
0.3846545162822359,0.12294574547874865,0.38521032898685326,0.27439167138998516,-0.24844371046379352,0.885283144289836,-0.28152919535830473
0.3815105246404399,0.13082891145030134,0.3812368808640409,0.2598330473967473,-0.2606525546808145,0.8850618660399379,-0.2849781158278435
0.3782463301317474,0.13835392777676236,0.3774369062463169,0.24559266054719875,-0.272583692490085,0.8844969211947538,-0.2881797565250217
0.37489747577102184,0.14551143577885634,0.3738156949916727,0.23172547370307114,-0.2841853908370738,0.8836171689378409,-0.29114028788565494
0.37149855466870163,0.152294731648414,0.3703772430352247,0.2182825423197851,-0.2954103375276061,0.882455405053706,-0.2938671847820658
0.3680828579153538,0.15869961870898794,0.36712432451360455,0.2053107473950508,-0.30621602388501884,0.8810474663556764,-0.29636903641976237
0.3646820593500849,0.1647242398377995,0.3640585711550758,0.19285257253668175,-0.31656500605177695,0.8794313293226496,-0.29865535189448666
0.36132593864842366,0.17036889707707656,0.3611805557107978,0.18094592241590185,-0.3264250547196319,0.8776462244274458,-0.3007363655439647
0.3580421430769769,0.17563586515855745,0.3584898764372678,0.1696239793015735,-0.33576920573077623,0.8757317849506183,-0.3026228460576416
0.3548559873371838,0.18052920519287857,0.35598523993425957,0.15891509395436246,-0.3445757258774197,0.8737272461620755,-0.3043259130661753
0.3517902901718756,0.18505458417613918,0.3536645399776505,0.14884270689737295,-0.3528280093560401,0.8716707077652448,-0.3058568646300977
0.3488652458378431,0.1892191052775219,0.3515249303451084,0.1394252959658057,-0.36051442075141676,0.8695984695592471,-0.3072270186935599
0.3460983281475189,0.1930311531286645,0.3495628899995223,0.1306763460621859,-0.36762810020305986,0.8675444474826859,-0.30844757117358884
0.3435042245377158,0.1965002575668085,0.34777427935782035,0.12260433719130234,-0.37416674562747815,0.8655396746298175,-0.3095294729264617
0.341094797511649,0.1996369785131777,0.3461543867218177,0.1152127471016547,-0.38013238562858304,0.8636118895208041,-0.3104833273783293
0.3388790707967625,0.20245281391353143,0.3446979642760769,0.10850006519654345,-0.38553115512554553,0.8617852118815393,-0.3113193101338221
0.3368632376370218,0.20496013194209703,0.343399253361377,0.10245981477404113,-0.39037308386311953,0.8600799044419685,-0.31204711138986924
0.33505068876494615,0.20717212798157647,0.3422519990092464,0.09708058108460409,-0.3946719059425454,0.8585122177727612,-0.3126759014872255
0.33344205774661956,0.20910280624489724,0.3412494539732482,0.09234604313132132,-0.39844489641481456,0.8570943139123681,-0.3132143194332958
0.3320352815335414,0.2107669853012228,0.3403843727175234,0.08823500755238084,-0.4017127388993299,0.8558342634439372,-0.313670483730305
0.33082567416202757,0.21218032620924931,0.3396489960248561,0.08472144329117431,-0.40449942620907653,0.8547361097131781,-0.31405202434560114
0.3298060115892868,0.21335938144469857,0.3390350270676734,0.0817745160492607,-0.4068321941485922,0.8537999929825533,-0.3143661341686528
0.3289666256240984,0.21432166233483974,0.33853359994871157,0.07935862170696678,-0.40874148706427027,0.8530223264456762,-0.31461963781440244
0.32829550478092684,0.21508572228039918,0.338135241865672,0.07743341796304729,-0.41026095241854804,0.8523960151362866,-0.3148190751574075
0.3277783996454876,0.21567125265349968,0.3378298301879842,0.07595385337068025,-0.41142746066864866,0.8519107078251676,-0.3149707965172559
0.32739892997756115,0.21609918790897645,0.3376065458550961,0.07487019271890802,-0.41228114608223904,0.8515530709815377,-0.31508106596439805
0.32713869028877,0.21639181613435007,0.33745382461555284,0.07412803731924292,-0.4128654638257975,0.8513070727680346,-0.3151561687770466
0.3269773500200945,0.21657289098837415,0.33735930772570616,0.0736683382075109,-0.41322725870742233,0.8511542638335057,-0.31520251865258914
0.3268927437133449,0.216667740733817,0.3373097938180631,0.0734273995708206,-0.41341684131305545,0.8510740403635246,-0.3152267598575805
0.3268609457361735,0.21670336984725974,0.33729119373527644,0.07333686887921281,-0.41348806788728615,0.8510438734441426,-0.3152358590817715
0.32685632320257635,0.21670854847051352,0.33728849021226176,0.07332370927433036,-0.4134984210901979,0.8510394872857228,-0.3152371813327562
