0.025702238082885742
0.018425703048706055
0.016607284545898438
0.025862932205200195
0.017055988311767578
0.014577150344848633
0.025702714920043945
0.016053199768066406
0.022139310836791992
0.031746625900268555
0.031664133071899414
0.021213769912719727
0.026140928268432617
0.011506080627441406
0.020525217056274414
0.03515625
0.022991180419921875
0.02034473419189453
0.02002549171447754
0.02570033073425293
0.022526979446411133
0.020058155059814453
0.02754068374633789
0.01766800880432129
0.030647754669189453
0.021404743194580078
0.018282651901245117
0.01896953582763672
0.025776147842407227
0.021547555923461914
0.016136646270751953
0.0161287784576416
0.025879621505737305
0.015614509582519531
0.0319066047668457
0.027692317962646484
0.021800756454467773
0.031778573989868164
0.018298625946044922
0.01612257957458496
0.01607513427734375
0.026314258575439453
0.02190995216369629
0.02330303192138672
0.025854825973510742
0.021255970001220703
0.021773815155029297
0.01924610137939453
0.02175593376159668
0.010065793991088867
0.025719165802001953
0.021220684051513672
0.037712812423706055
0.016007423400878906
0.03170895576477051
0.027222156524658203
0.016021251678466797
0.03130364418029785
0.03291964530944824
0.016004562377929688
0.01601696014404297
0.031278133392333984
0.02161121368408203
0.01609325408935547
0.026078462600708008
0.03129243850708008
0.015711545944213867
0.020061254501342773
0.024596214294433594
0.014598846435546875
0.020097017288208008
0.025724172592163086
0.030574798583984375
0.022208452224731445
0.015509605407714844
0.020060062408447266
0.03166508674621582
0.03177666664123535
0.015714645385742188
0.02006077766418457
0.02568340301513672
0.019569873809814453
0.0317230224609375
0.021244525909423828
0.01609039306640625
0.01600480079650879
0.025720596313476562
0.020060300827026367
0.03171896934509277
0.01351022720336914
0.02006077766418457
0.031097412109375
0.021611690521240234
0.016111373901367188
0.01550912857055664
0.020061016082763672
0.010059833526611328
0.025689125061035156
0.010010004043579102
0.010009765625
0.015603780746459961
