0.0
0.012014150619506836
0.005255222320556641
0.009827136993408203
0.008503437042236328
0.015049457550048828
0.015556812286376953
0.01600480079650879
0.010134458541870117
0.0
0.006002187728881836
0.0045032501220703125
0.0
0.0
0.010662317276000977
0.0
0.005506277084350586
0.010001659393310547
0.010001897811889648
0.010049104690551758
0.011454582214355469
0.010040998458862305
0.010079622268676758
0.018187999725341797
0.02237081527709961
0.015723228454589844
0.019190549850463867
0.011198759078979492
0.006005048751831055
0.010515928268432617
0.013158559799194336
0.009243011474609375
0.019129276275634766
0.015710830688476562
0.011585712432861328
0.021720170974731445
0.012450218200683594
0.013173818588256836
0.005013704299926758
0.010113239288330078
0.010973215103149414
0.005506992340087891
0.010027408599853516
0.0
0.01565837860107422
0.010082483291625977
0.008002758026123047
0.016036510467529297
0.015692710876464844
0.010067462921142578
0.0
0.015597343444824219
0.007506847381591797
0.010068655014038086
0.010055780410766602
0.020255565643310547
0.010537147521972656
0.006002187728881836
0.008072376251220703
0.016149282455444336
0.005545854568481445
0.0035402774810791016
0.010054826736450195
0.015657901763916016
0.011654138565063477
0.015743017196655273
0.0
0.01564931869506836
0.012064456939697266
0.01053166389465332
0.010167598724365234
0.01573324203491211
0.008576631546020508
0.010065793991088867
0.01611781120300293
0.011541366577148438
0.010036230087280273
0.010097503662109375
0.0
0.015746593475341797
0.00961756706237793
0.010037660598754883
0.016118526458740234
0.012029170989990234
0.0068738460540771484
0.0150604248046875
0.01574540138244629
0.011540651321411133
0.011079549789428711
0.0
0.015820741653442383
0.010101079940795898
0.010119915008544922
0.009039878845214844
0.01105046272277832
0.015737533569335938
0.010125160217285156
0.010035991668701172
0.01554727554321289
0.009469032287597656
0.0
