-0.00971804462968741,-0.2592799153368174,0.6540054088280846,0.3863313865584231,0.5299162730791925,0.7345036298791712,-0.17447412696450565
-0.009716183102447306,-0.2592780554710964,0.6540030665677983,0.38632614120769554,0.5299168728876279,0.7345072110972354,-0.17446884333522286
-0.009703375940846774,-0.25926525939973794,0.6539869526709547,0.3862900527502459,0.529920997953986,0.734531847648233,-0.17443249658288132
-0.009669283270164952,-0.25923119334949435,0.653944063173332,0.38619397763813473,0.5299319655740007,0.7345974138132598,-0.1743357769299877
-0.00960420523908439,-0.2591661544156564,0.653862216258588,0.3860105533103679,0.5299528474995646,0.7347225042840968,-0.1741512958855952
-0.009499055227370363,-0.25906103505347144,0.6537300355535826,0.3857140999424581,0.5299864387796891,0.734924436916608,-0.17385361612002492
-0.009345329924825856,-0.2589072821686363,0.6535369335848522,0.3852805078403286,0.5300352178071451,0.7352192496379586,-0.1734192985922498
-0.00913507746506811,-0.2586968525412109,0.653273095431565,0.38468711561136826,0.5301013003524165,0.735621693333378,-0.17282696185669782
-0.008860864730103488,-0.2584221661280552,0.6529294626368344,0.3839125839228683,0.5301863900400463,0.736145222283828,-0.17205734924920796
-0.00851574487120177,-0.2580760586118851,0.6524977174611315,0.3829367692897502,0.5302917274218375,0.7368019835233455,-0.1710934003109297
-0.008093226013629074,-0.2576517344011032,0.6519702675763571,0.3817406019662181,0.5304180395215919,0.7376028062967126,-0.16992032339821714
-0.007587242024444595,-0.2571427211341915,0.6513402313055272,0.38030597164710417,0.5305654914676576,0.7385571926230377,-0.1685256669413063
-0.006992126122240948,-0.2565428266057178,0.6506014235102461,0.3786156242941617,0.5307336415946374,0.7396733098206016,-0.16689938723396633
-0.006302587995034149,-0.25584609890758603,0.6497483422161269,0.3766530730026668,0.5309214011823378,0.7409579857137174,-0.1650339109737798
-0.005513694968105215,-0.2550467904681295,0.6487761560455028,0.3744025254087736,0.5311269998083725,0.742416707126598,-0.16292419102573116
-0.004620857628889502,-0.2541393265716651,0.6476806924980489,0.37184882970983807,0.5313479571193885,0.7440536221707935,-0.1605677540572775
-0.003619820173107845,-0.25311827885034305,0.6464584270845233,0.36897744093212487,0.5315810616729704,0.7458715467485503,-0.15796473880187065
-0.002506655587857511,-0.2519783441563844,0.6451064732782389,0.36577440863187577,0.5318223573662906,0.7478719756244333,-0.15511792375792766
-0.0012777656363841662,-0.25071432914364505,0.6436225732048058,0.36222638676047547,0.5320671378463134,0.7500550983582195,-0.15203274313556375
7.011454091980645e-05,-0.24932114081035972,0.6420050889449234,0.3583206659645678,0.5323099491876669,0.7524198203410165,-0.14871728983720947
0.0015399075405282225,-0.24779378317744832,0.6402529942794757,0.35404522812659917,0.5325446010262597,0.7549637891332085,-0.14518230421161757
0.0031341809937519382,-0.24612736019664158,0.638365866662748,0.3493888224862933,0.5327641862468715,0.7576834262626448,-0.14144114727069254
0.004855131643532993,-0.24431708489809328,0.6363438791700862,0.34434106221975846,0.5329611092394552,0.7605739646035957,-0.1375097570166794
0.006704566905402752,-0.242358294696766,0.6341877921325034,0.33889253989242646,0.5331271226599569,0.7636294914201214,-0.13340658650539844
0.008683884709499781,-0.24024647268009125,0.6318989441441669,0.3330349597530634,0.5332533725551697,0.7668429971176268,-0.12915252228457724
0.010794052489981198,-0.23797727459637563,0.6294792421108086,0.3267612843987286,0.5333304516364701,0.7702064297051117,-0.12477078190120068
0.013035586232692138,-0.23554656115511438,0.6269311499989831,0.32006589292633003,0.5333484604128041,0.7737107549239309,-0.12028678928129806
0.015408530509344268,-0.2329504351386538,0.6242576759487277,0.3129447472978785,0.5332970758185515,0.7773460219488185,-0.11572802695283488
0.01791244041512104,-0.230185282712155,0.6214623574260343,0.3053955632968713,0.5331656268962225,0.7811014345105793,-0.11112386431572606
0.020546366285821526,-0.2272478182089604,0.6185492441169466,0.2974179821479711,0.5329431770174525,0.7849654272294271,-0.10650536146174272
0.023308842000549345,-0.22413513156523857,0.6155228783018758,0.28901373862415086,0.5326186120486192,0.788925746882344,-0.10190504841286888
0.02619787757773917,-0.2208447374856125,0.6123882724963807,0.28018682128347605,0.5321807337902515,0.7929695382587575,-0.09735668007498893
0.029210956648289554,-0.21737462534490382,0.6091508842023466,0.27094362037337405,0.5316183579431564,0.7970834341866638,-0.0928949676892428
0.032345039243123555,-0.21372330877474718,0.6058165876798887,0.2612930589221331,0.530920415779963,0.8012536492380954,-0.0885552880960875
0.035596570168107966,-0.20988987385169544,0.6023916427238514,0.25124670261535015,0.5300760586300737,0.8054660765495194,-0.0843733726956811
0.03896149306238175,-0.20587402479915817,0.5988826605074709,0.24081884423514852,0.5290747642203053,0.8097063871216356,-0.08038497857749104
0.042435270053058076,-0.20167612614159547,0.5952965666374349,0.23002655872772612,0.5279064438545752,0.8139601308956711,-0.07662554488548941
0.04601290673686216,-0.19729724030728196,0.5916405616467336,0.218889725361703,0.5265615493655562,0.8182128388418087,-0.07312983806389535
0.049688982044775815,-0.19273915976570627,0.5879220792317927,0.20743101394490887,0.5250311787310548,0.8224501252416702,-0.06993159017230594
0.053457682386410604,-0.1880044329058153,0.5841487426157593,0.19567583267621508,0.5233071792197114,0.8266577893025394,-0.06706313494772827
0.05731283933352415,-0.18309638300887993,0.5803283194878588,0.18365223591238672,0.521382246915885,0.8308219152083063,-0.06455504670377188
0.06124796999300696,-0.17801911984023336,0.5764686760270159,0.17139079091633033,0.5192500214737474,0.8349289696919959,-0.06243578747521061
0.0652563191439363,-0.17277754357167735,0.5725777305641787,0.15892440350647394,0.5169051749667971,0.8389658962084674,-0.06073136802163779
0.0693309021746487,-0.16737734094393147,0.5686634074701148,0.1462881034258459,0.5143434937316312,0.8429202047949351,-0.05946502838201013
0.07346454785633895,-0.16182497377832022,0.5647335918723787,0.13351879117493531,0.5115619521549556,0.8467800567306056,-0.05865694361204944
0.0776499400297082,-0.15612766014068125,0.5607960858057144,0.1206549489748411,0.5085587774196011,0.8505343431467183,-0.05832396013080387
0.0818796573590282,-0.15029334863996063,0.5568585663838852,0.10773631942529098,0.5053335043093072,0.8541727567926479,-0.05847936774978824
0.08614621042012907,-0.14433068650133782,0.5529285465480163,0.09480355626379003,0.501887019271425,0.8576858562333995,-0.05913271196015807
0.09044207552996802,-0.13824898218208492,0.5490133388976971,0.08189785239560696,0.498221593051148,0.8610651218362778,-0.06028965041895542
0.09475972488882646,-0.13205816339210466,0.5451200230476778,0.06906055102034485,0.49434090133795894,0.864303002999526,-0.06195185681754771
0.09909165278384167,-0.12576873143629855,0.5412554168768583,0.05633274620976113,0.49025003300315523,0.8673929561807288,-0.06411697445238924
0.10343039778585923,-0.11939171281055998,0.5374260519497527,0.043754879673173444,0.4859554856540804,0.8703294733960513,-0.06677862087259007
0.10776856105153038,-0.11293860895732724,0.5336381532964294,0.03136634066606166,0.4814651483831927,0.8731081009808185,-0.06992644397679437
0.1120988210105186,-0.10642134502237538,0.5298976236380917,0.01920507604640987,0.476788271745966,0.8757254485247112,-0.07354622890223385
0.11641394486564428,-0.09985221835599815,0.5262100320451066,0.007307217356393443,0.47193542515745224,0.8781791880189177,-0.07762005402211267
0.12070679745506295,-0.09324384737472913,0.5225806069156071,-0.004293268493106045,0.4669184420503174,0.8804680433751996,-0.08212649337453876
0.12497034811490215,-0.08660912125154156,0.51901423306887,-0.015564898823225199,0.4617503532843847,0.8825917705956147,-0.08704086191707058
0.1291976762348548,-0.07996115074125386,0.515515452661364,-0.026478959578923083,0.4564453094363241,0.8845511289842964,-0.09233549916366271
0.13338197621664538,-0.07331322028237369,0.5120884695572012,-0.03700974976992705,0.4510184927251994,0.8863478438972632,-0.09798008604063077
0.13751656252673142,-0.06667874135555439,0.5087371567208201,-0.04713478208164451,0.4454860194433431,0.8879845616205969,-0.10394198921570424
0.14159487548266877,-0.06007120693045657,0.5054650661496705,-0.05683493672538159,0.4398648338598469,0.8894647970502602,-0.1101866267257998
0.1456104883315608,-0.0535041467043877,0.5022754408295371,-0.06609456660223567,0.4341725946446994,0.8907928749168843,-0.11667784846518318
0.14955711607466557,-0.04699108273363376,0.4991712281753847,-0.0749015528874596,0.42842755492373774,0.8919738653553687,-0.12337832500126313
0.15342862637128699,-0.04054548498624327,0.49615509441617694,-0.08324731117169855,0.4226484371178615,0.8930135146614618,-0.13024993825908096
0.15721905272484732,-0.03418072630585527,0.4932294393923818,-0.09112674929457423,0.4168543037436207,0.8939181721057274,-0.13725416785139957
0.16092261002196803,-0.027910036270678267,0.4903964112587077,-0.09853817894748164,0.4110644253571741,0.8946947136894823,-0.1443524672168293
0.16453371236864844,-0.021746453458973844,0.4876579206205175,-0.10548318398342213,0.4052981468099534,0.8953504637281954,-0.15150662424739905
0.16804699305257428,-0.015702775689743313,0.485015653678453,-0.11196644913210495,0.399574752954014,0.8958931151361318,-0.1586791017184185
0.17145732636269873,-0.009791507890679379,0.4824710840099745,-0.11799555346446003,0.39391333488840086,0.8963306492630781,-0.16583335355513712
0.1747598509204787,-0.004024807349803528,0.4800254826765484,-0.12358073346981441,0.388332657778368,0.8966712561008269,-0.17293411375554865
0.1779499941242687,0.001585573773364064,0.47767992640879275,-0.12873462099708322,0.38285103120778397,0.8969232556354453,-0.17994765561181256
0.1810234972804396,0.007028348672973914,0.47543530368675185,-0.13347196156700208,0.3774861829439461,0.897095021072649,-0.18684201970790643
0.18397644099147611,0.01229275872333892,0.4732923185965502,-0.1378093186871534,0.3722551369073509,0.8971949046093501,-0.19358720999097798
0.18680527039096992,0.01736863864426889,0.471251492405963,-0.14176476980510241,0.36717409604628054,0.8972311663664138,-0.2001553579984005
0.18950681985519208,0.022246483624190943,0.46931316285834423,-0.145357599424333,0.362258330722727,0.897211907037086,-0.2065208560471652
0.19207833687708875,0.02691751791491392,0.4674774812354388,-0.14860799469741723,0.3575220731221918,0.8971450047439564,-0.2126604608416642
0.19451750485673652,0.031373764324198056,0.4657444072838077,-0.15153674851386587,0.35297841810847924,0.8970380565357542,-0.2185533695142632
0.19682246463782513,0.03560811396472715,0.4641137021362267,-0.1541649747317322,0.3486392308567672,0.8968983248947718,-0.2241812705703096
0.19899183469788256,0.03961439557246925,0.4625849193879851,-0.1565138397766805,0.3445150615161492,0.8967326895669425,-0.2295283725575576
0.20102472997619963,0.043387443684668216,0.4611573945084902,-0.15860431436532035,0.34061506707563194,0.8965476049699708,-0.23458141351858788
0.20292077939375489,0.04692316496781043,0.45983023278109564,-0.16045694861215112,0.336946940538735,0.8963490633807052,-0.23932965441038925
0.204680142180447,0.05021860200816027,0.45860229596909424,-0.16209167326519217,0.3335168474477895,0.8961425640508665,-0.24376485969662798
0.2063035231740592,0.05327199392053794,0.45747218790399974,-0.16352762929135722,0.33032936974252847,0.8959330883500223,-0.2478812682383313
0.20779218729085835,0.056082833193105794,0.45643823918445486,-0.16478302750733256,0.3273874568851181,0.8957250809855256,-0.25167555744109527
0.20914797338878846,0.058651918265064995,0.455498491161318,-0.16587503942854376,0.32469238413603163,0.8955224373001303,-0.2551468033714572
0.21037330775090485,0.06098140142799843,0.45465067936787396,-0.1668197199907501,0.3222437178186443,0.8953284965978915,-0.25829643924836676
0.2114712174098805,0.06307483174781175,0.45389221653485506,-0.16763196228551594,0.3200392873640553,0.8951460413963812,-0.26112821436260625
0.2124453435157822,0.06493719282072573,0.45322017530931413,-0.16832548394072097,0.318075163878267,0.8949773024465933,-0.26364815509567796
0.21329995492090814,0.06657493530108478,0.45263127077568827,-0.16891284426732217,0.31634564491861333,0.8948239692994541,-0.26586452931844784
0.2140399621200351,0.06799600426920753,0.45212184285784335,-0.16940549077909545,0.3148432451034351,0.8946872061278619,-0.2677878150658709
0.2146709316446156,0.06920986164197408,0.4516878386638396,-0.16981383316924906,0.3135586921031115,0.8945676724336845,-0.26943067402865
0.21519910096832562,0.07022750396601084,0.45132479482169435,-0.1701473422906543,0.31248092747155476,0.8944655481785708,-0.2708079300898563
0.21563139394149428,0.07106147607157906,0.45102781984570756,-0.17041467113127642,0.3115971116703335,0.8943805627739044,-0.27193655288349644
0.2159754367359656,0.07172588120375231,0.45079157656989555,-0.17062379419929222,0.31089263250927823,0.8943120272471794,-0.27283564617829664
0.21623957425177995,0.07223638838519843,0.45061026468848986,-0.17078216112865102,0.31035111608094684,0.8942588687686522,-0.2735264407989629
0.21643288691425472,0.07261023790154313,0.45047760345393517,-0.17089685968576454,0.30995443909090603,0.8942196665714857,-0.27403229180913485
0.21656520777541835,0.07286624593576896,0.4503868146005717,-0.17097478269698735,0.3096827412896846,0.8941926881310094,-0.27437867978774066
0.21664713982744296,0.07302480951282102,0.45033060558721477,-0.17102279272457746,0.3095144364902882,0.8941759242834363,-0.2745932162393091
0.21669007343711524,0.07310791305053772,0.45030115328365516,-0.1710478775947033,0.3094262204057677,0.8941671217615936,-0.27470565348448156
0.21670620381818145,0.07313913794976819,0.45029008826378075,-0.171057289119159,0.3093930732757273,0.8941638114066176,-0.274747899753566
0.2167085484705143,0.07314367679742328,0.45028847991009974,-0.1710586565536065,0.3093882549519374,0.8941633300798173,-0.2747540406553507
