0.0
0.016705751419067383
0.01527857780456543
0.010036706924438477
0.008140325546264648
0.014170408248901367
0.0065250396728515625
0.010004997253417969
0.0
0.0
0.005068778991699219
0.015758037567138672
0.015705108642578125
0.010035991668701172
0.0
0.006030559539794922
0.0
0.011576414108276367
0.01569223403930664
0.01569056510925293
0.011593818664550781
0.015536785125732422
0.0076141357421875
0.00853729248046875
0.008560895919799805
0.008037328720092773
0.01000213623046875
0.0
0.009317398071289062
0.005101680755615234
0.01564955711364746
0.0
0.008075952529907227
0.0005691051483154297
0.010001659393310547
0.008078575134277344
0.01571798324584961
0.0
0.010002374649047852
0.0025408267974853516
0.0
0.015740156173706055
0.011662721633911133
0.015735626220703125
0.010036706924438477
0.004537820816040039
0.010039091110229492
0.0
0.0
0.015658140182495117
0.01577448844909668
0.011638641357421875
0.01578354835510254
0.0
0.01021718978881836
0.015540361404418945
0.011038064956665039
0.006121158599853516
0.0
0.010118961334228516
0.01607370376586914
0.00876927375793457
0.015662431716918945
0.007094621658325195
0.009080886840820312
0.015713930130004883
0.0
0.00803685188293457
0.010122537612915039
0.010036945343017578
0.008598804473876953
0.0
0.0
0.011691570281982422
0.015860795974731445
0.01572871208190918
0.010132312774658203
0.010036230087280273
0.01580500602722168
0.008118629455566406
0.010036230087280273
0.01007843017578125
0.0
0.015744447708129883
0.009128332138061523
0.010119199752807617
0.0
0.015749692916870117
0.011539220809936523
0.0056667327880859375
0.0055389404296875
0.0
0.010125160217285156
0.015852928161621094
0.011170148849487305
0.015715837478637695
0.0
0.0
0.004540920257568359
0.0
0.010002851486206055
