-0.00971804462968741,-0.2592799153368174,0.6540054088280846,0.3863313865584231,0.5299162730791925,0.7345036298791712,-0.17447412696450565
-0.009716183102447309,-0.25927805547109645,0.6540030665677983,0.3863261412126144,0.5299168728870656,0.7345072110938771,-0.1744688433401775
-0.009703375940846795,-0.259265259399738,0.6539869526709547,0.38629005275028205,0.5299209979539821,0.7345318476482081,-0.1744324965829177
-0.00966928327016506,-0.25923119334949435,0.6539440631733318,0.3861939776382516,0.5299319655739875,0.73459741381318,-0.17433577693010538
-0.009604205239084401,-0.2591661544156564,0.653862216258588,0.38601055331034223,0.5299528474995678,0.7347225042841141,-0.17415129588556935
-0.009499055227370374,-0.25906103505347156,0.6537300355535826,0.3857140999424811,0.5299864387796864,0.7349244369165924,-0.17385361612004804
-0.009345329924825884,-0.25890728216863623,0.6535369335848522,0.3852805078403574,0.5300352178071418,0.735219249637939,-0.1734192985922791
-0.009135077465068161,-0.2586968525412108,0.653273095431565,0.3846871156112795,0.5301013003524262,0.7356216933334383,-0.17282696185660934
-0.00886086473010358,-0.25842216612805535,0.6529294626368344,0.3839125839228261,0.5301863900400506,0.7361452222838566,-0.1720573492491663
-0.008515744871201911,-0.2580760586118851,0.6524977174611315,0.38293676928972736,0.5302917274218399,0.7368019835233607,-0.17109340031090764
-0.00809322601362923,-0.25765173440110317,0.6519702675763572,0.38174060196620385,0.5304180395215933,0.7376028062967221,-0.1699203233982034
-0.0075872420244447875,-0.25714272113419145,0.6513402313055272,0.38030597164709545,0.5305654914676586,0.7385571926230433,-0.16852566694129803
-0.0069921261222411595,-0.2565428266057178,0.6506014235102462,0.37861562429414625,0.5307336415946389,0.7396733098206117,-0.1668993872339521
-0.0063025879950344785,-0.2558460989075858,0.649748342216127,0.3766530730026612,0.5309214011823383,0.7409579857137208,-0.16503391097377537
-0.005513694968105571,-0.2550467904681294,0.648776156045503,0.37440252540875835,0.531126999808374,0.7424167071266077,-0.16292419102571773
-0.004620857628889958,-0.2541393265716648,0.6476806924980493,0.37184882970981814,0.5313479571193903,0.7440536221708058,-0.1605677540572603
-0.003619820173108367,-0.25311827885034277,0.6464584270845235,0.36897744093212365,0.5315810616729704,0.7458715467485508,-0.15796473880187076
-0.002506655587858137,-0.25197834415638415,0.6451064732782392,0.3657744086318601,0.5318223573662916,0.7478719756244425,-0.15511792375791564
-0.0012777656363849052,-0.2507143291436445,0.6436225732048062,0.36222638676046226,0.5320671378463142,0.7500550983582271,-0.15203274313555415
7.011454091895644e-05,-0.24932114081035922,0.6420050889449238,0.35832066596456835,0.5323099491876668,0.7524198203410157,-0.14871728983721205
0.001539907540527251,-0.2477937831774478,0.6402529942794761,0.35404522812658556,0.5325446010262607,0.7549637891332158,-0.14518230421160866
0.003134180993750848,-0.246127360196641,0.6383658666627485,0.34938882248629355,0.5327641862468715,0.7576834262626441,-0.14144114727069523
0.004855131643531806,-0.24431708489809278,0.6363438791700868,0.34434106221975513,0.5329611092394554,0.760573964603597,-0.1375097570166797
0.00670456690540138,-0.2423582946967652,0.634187792132504,0.33889253989243123,0.5331271226599565,0.7636294914201182,-0.13340658650540535
0.008683884709498274,-0.24024647268009042,0.6318989441441678,0.3330349597530506,0.5332533725551701,0.766842997117633,-0.12915252228457128
0.010794052489979536,-0.23797727459637474,0.6294792421108093,0.3267612843987224,0.5333304516364703,0.7702064297051142,-0.12477078190119989
0.013035586232690303,-0.23554656115511358,0.626931149998984,0.3200658929263259,0.5333484604128043,0.7737107549239325,-0.12028678928129931
0.01540853050934229,-0.23295043513865277,0.6242576759487288,0.3129447472978771,0.5332970758185515,0.7773460219488186,-0.11572802695283824
0.017912440415118844,-0.23018528271215394,0.6214623574260352,0.305395563296867,0.5331656268962224,0.7811014345105808,-0.11112386431572803
0.020546366285819184,-0.2272478182089591,0.6185492441169477,0.29741798214797033,0.5329431770174529,0.7849654272294265,-0.10650536146174702
0.023308842000546837,-0.22413513156523746,0.6155228783018769,0.2890137386241486,0.5326186120486192,0.7889257468823444,-0.10190504841287272
0.026197877577736454,-0.22084473748561123,0.612388272496382,0.28018682128347566,0.5321807337902517,0.7929695382587569,-0.09735668007499414
0.029210956648286653,-0.2173746253449026,0.6091508842023479,0.2709436203733719,0.5316183579431565,0.7970834341866639,-0.09289496768924731
0.03234503924312047,-0.2137233087747459,0.6058165876798899,0.26129305892212934,0.5309204157799631,0.8012536492380962,-0.08855528809609164
0.035596570168104705,-0.2098898738516939,0.6023916427238525,0.251246702615344,0.5300760586300733,0.8054660765495211,-0.08437337269568455
0.038961493062378304,-0.2058740247991568,0.5988826605074722,0.2408188442351454,0.5290747642203052,0.809706387121636,-0.08038497857749605
0.0424352700530544,-0.20167612614159408,0.5952965666374366,0.23002655872773023,0.5279064438545761,0.8139601308956687,-0.07662554488549768
0.04601290673685829,-0.19729724030728063,0.5916405616467353,0.21888972536169835,0.526561549365556,0.8182128388418096,-0.07312983806390089
0.04968898204477179,-0.19273915976570488,0.5879220792317945,0.2074310139448997,0.5250311787310539,0.8224501252416726,-0.06993159017231086
0.05345768238640641,-0.1880044329058141,0.5841487426157612,0.1956758326762125,0.5233071792197116,0.8266577893025393,-0.06706313494773511
0.0573128393335198,-0.18309638300887848,0.5803283194878608,0.18365223591237398,0.521382246915883,0.83082191520831,-0.06455504670377697
0.06124796999300248,-0.17801911984023186,0.5764686760270179,0.17139079091633425,0.5192500214737483,0.834928969691994,-0.062435787475219245
0.06525631914393165,-0.17277754357167593,0.572577730564181,0.15892440350647208,0.5169051749667968,0.8389658962084673,-0.06073136802164571
0.06933090217464397,-0.16737734094393017,0.568663407470117,0.14628810342585177,0.5143434937316327,0.8429202047949325,-0.05946502838201907
0.07346454785633409,-0.16182497377831886,0.564733591872381,0.1335187911749271,0.5115619521549541,0.8467800567306073,-0.05865694361205736
0.07764994002970317,-0.15612766014067994,0.5607960858057166,0.12065494897484115,0.5085587774196013,0.8505343431467175,-0.058323960130812334
0.08187965735902313,-0.1502933486399593,0.5568585663838874,0.10773631942528814,0.505333504309307,0.8541727567926478,-0.058479367749796986
0.08614621042012392,-0.14433068650133668,0.5529285465480187,0.09480355626378782,0.5018870192714248,0.8576858562333992,-0.05913271196016702
0.09044207552996288,-0.13824898218208395,0.5490133388976994,0.08189785239560825,0.49822159305114827,0.8610651218362769,-0.06028965041896435
0.09475972488882124,-0.13205816339210366,0.5451200230476801,0.0690605510203378,0.4943409013379567,0.8643030029995272,-0.06195185681755754
0.09909165278383648,-0.12576873143629755,0.5412554168768609,0.056332746209760885,0.4902500330031552,0.8673929561807281,-0.06411697445239822
0.10343039778585394,-0.11939171281055908,0.5374260519497551,0.04375487967317746,0.4859554856540819,0.8703294733960495,-0.06677862087259824
0.1077685610515252,-0.11293860895732649,0.5336381532964317,0.031366340666063024,0.4814651483831931,0.8731081009808175,-0.06992644397680295
0.11209882101051336,-0.10642134502237456,0.5298976236380939,0.019205076046413454,0.47678827174596694,0.87572544852471,-0.07354622890224184
0.11641394486563912,-0.09985221835599739,0.526210032045109,0.007307217356401042,0.471935425157455,0.8781791880189156,-0.07762005402211915
0.12070679745505788,-0.09324384737472852,0.5225806069156094,-0.004293268493105929,0.4669184420503169,0.880468043375199,-0.08212649337454764
0.12497034811489706,-0.08660912125154104,0.5190142330688722,-0.015564898823222095,0.4617503532843858,0.8825917705956134,-0.08704086191707823
0.12919767623484987,-0.07996115074125347,0.515515452661366,-0.026478959578917084,0.45644530943632605,0.884551128984295,-0.09233549916366868
0.13338197621664044,-0.0733132202823733,0.5120884695572034,-0.0370097497699212,0.4510184927252017,0.8863478438972615,-0.09798008604063646
0.13751656252672662,-0.06667874135555399,0.5087371567208222,-0.04713478208164145,0.4454860194433439,0.8879845616205959,-0.10394198921571106
0.14159487548266417,-0.06007120693045609,0.5054650661496727,-0.05683493672537558,0.4398648338598492,0.8894647970502588,-0.11018662672580462
0.14561048833155638,-0.05350414670438748,0.5022754408295389,-0.06609456660223441,0.434172594644699,0.8907928749168836,-0.11667784846519062
0.14955711607466096,-0.04699108273363361,0.49917122817538634,-0.07490155288746227,0.4284275549237355,0.8919738653553682,-0.12337832500127327
0.15342862637128266,-0.040545484986243094,0.49615509441617855,-0.08324731117169962,0.4226484371178598,0.8930135146614613,-0.1302499382590897
0.15721905272484288,-0.034180726305855134,0.4932294393923833,-0.09112674929456922,0.41685430374362364,0.893918172105726,-0.137254167851403
0.16092261002196406,-0.027910036270678017,0.49039641125870903,-0.09853817894748272,0.4110644253571718,0.8946947136894818,-0.14435246721683784
0.16453371236864447,-0.021746453458973844,0.4876579206205187,-0.10548318398341697,0.40529814680995674,0.8953504637281942,-0.15150662424740094
0.1680469930525706,-0.015702775689743365,0.48501565367845445,-0.1119664491320998,0.39957475295401695,0.8958931151361308,-0.15867910171842015
0.17145732636269517,-0.009791507890679362,0.4824710840099759,-0.11799555346446444,0.3939133348883948,0.896330649263078,-0.16583335355514914
0.17475985092047525,-0.004024807349803556,0.48002548267654965,-0.12358073346980798,0.3883326577783732,0.8966712561008258,-0.17293411375554718
0.17794999412426557,0.0015855737733636963,0.47767992640879375,-0.12873462099708347,0.3828510312077822,0.8969232556354446,-0.17994765561181922
0.18102349728043657,0.007028348672974004,0.4754353036867529,-0.13347196156700317,0.3774861829439435,0.8970950210726485,-0.18684201970791364
0.1839764409914734,0.012292758723338671,0.47329231859655096,-0.13780931868715543,0.37225513690734724,0.8971949046093497,-0.19358720999098616
0.18680527039096717,0.017368638644268356,0.4712514924059635,-0.1417647698051025,0.36717409604628004,0.8972311663664129,-0.2001553579984053
0.1895068198551898,0.02224648362419088,0.46931316285834496,-0.1453575994243288,0.362258330722732,0.8972119070370852,-0.20652085604716247
0.19207833687708645,0.02691751791491365,0.4674774812354394,-0.1486079946974112,0.35752207312219925,0.8971450047439561,-0.21266046084165738
0.19451750485673444,0.03137376432419794,0.4657444072838085,-0.1515367485138714,0.35297841810846947,0.8970380565357533,-0.2185533695142785
0.1968224646378235,0.03560811396472696,0.4641137021362273,-0.154164974731731,0.34863923085676773,0.8968983248947714,-0.2241812705703114
0.1989918346978809,0.03961439557246901,0.4625849193879855,-0.15651383977668043,0.344515061516149,0.8967326895669421,-0.22952837255755967
0.2010247299761982,0.0433874436846682,0.4611573945084905,-0.1586043143653192,0.34061506707563427,0.8965476049699703,-0.23458141351858713
0.20292077939375344,0.04692316496780988,0.45983023278109586,-0.16045694861215415,0.3369469405387297,0.8963490633807042,-0.23932965441039794
0.20468014218044578,0.05021860200816014,0.45860229596909435,-0.16209167326519228,0.33351684744778953,0.8961425640508661,-0.2437648596966293
0.20630352317405826,0.053271993920537886,0.45747218790399985,-0.1635276292913551,0.33032936974253263,0.8959330883500227,-0.24788126823832543
0.20779218729085724,0.056082833193105155,0.45643823918445514,-0.1647830275073302,0.32738745688512494,0.8957250809855256,-0.251675557441088
0.20914797338878738,0.05865191826506491,0.45549849116131824,-0.165875039428544,0.3246923841360326,0.8955224373001297,-0.25514680337145784
0.21037330775090374,0.06098140142799811,0.45465067936787384,-0.16681971999075448,0.32224371781863653,0.8953284965978904,-0.2582964392483773
0.21147121740987987,0.06307483174781164,0.45389221653485473,-0.16763196228551638,0.3200392873640567,0.895146041396381,-0.26112821436260475
0.21244534351578143,0.06493719282072573,0.45322017530931397,-0.1683254839407237,0.3180751638782627,0.8949773024465926,-0.26364815509568434
0.21329995492090773,0.06657493530108476,0.45263127077568793,-0.16891284426732364,0.31634564491861195,0.8948239692994541,-0.26586452931844845
0.21403996212003457,0.06799600426920768,0.45212184285784285,-0.16940549077910183,0.31484324510342,0.89468720612786,-0.26778781506589033
0.21467093164461498,0.0692098616419737,0.45168783866383944,-0.1698138331692619,0.3135586921030759,0.8945676724336807,-0.269430674028696
0.21519910096832512,0.0702275039660103,0.45132479482169435,-0.17014734229065084,0.31248092747157025,0.894465548178572,-0.2708079300898367
0.21563139394149355,0.07106147607157855,0.45102781984570745,-0.1704146711312783,0.31159711167033266,0.8943805627739039,-0.27193655288349816
0.21597543673596478,0.0717258812037516,0.45079157656989516,-0.1706237941992957,0.31089263250927335,0.8943120272471787,-0.27283564617830247
0.21623957425177937,0.07223638838519765,0.45061026468848964,-0.17078216112865693,0.31035111608093235,0.8942588687686498,-0.2735264407989839
0.21643288691425405,0.07261023790154339,0.4504776034539349,-0.17089685968578364,0.3099544390908473,0.8942196665714796,-0.2740322918092096
0.21656520777541766,0.0728662459357685,0.45038681460057167,-0.17097478269698266,0.309682741289707,0.8941926881310113,-0.2743786797877122
0.21664713982744233,0.07302480951282063,0.4503306055872147,-0.17102279272456228,0.30951443649034727,0.8941759242834415,-0.27459321623923505
0.21669007343711416,0.07310791305053767,0.45030115328365405,-0.1710478775946978,0.3094262204057992,0.8941671217615961,-0.2747056534844414
0.2167062038181813,0.07313913794976738,0.4502900882637803,-0.17105728911933418,0.3093930732751163,0.8941638114065568,-0.27474789975434327
0.2167085484705136,0.07314367679742288,0.45028847991009935,-0.1710586565528965,0.3093882549544476,0.8941633300800675,-0.2747540406521515
