-0.00971804462968741,-0.2592799153368174,0.6540054088280846,0.3863313865584231,0.5299162730791925,0.7345036298791712,-0.17447412696450565
-0.00971555176373346,-0.25927842002396273,0.6540028448013717,0.3863266345134427,0.5299167200077904,0.7345073482375619,-0.17446763799262818
-0.009698401324846272,-0.25926813155708683,0.6539852053196149,0.38629393889538305,0.5299197933963448,0.7345329282608967,-0.17442299917137563
-0.009652749261437303,-0.25924073657641145,0.6539382559966507,0.3862068868007525,0.5299279624611438,0.7346010053553415,-0.1743042114246608
-0.009565615743095173,-0.2591884149223989,0.6538486646286684,0.3860406508929082,0.5299435064313543,0.7347308864693128,-0.17407762727426715
-0.00942485651700087,-0.25910379690968544,0.6537039851276447,0.38577187221258835,0.5299684842120423,0.7349405530511571,-0.17371197953061307
-0.009219131892763117,-0.25897991277731425,0.653492642177864,0.3853785231150476,0.5300046957373878,0.7352466579783085,-0.1731784292275228
-0.008937874409009497,-0.2588101368466677,0.6532039164781531,0.38483975738103743,0.5300536376401183,0.7356645183053601,-0.17245062733989994
-0.008571256221583026,-0.2585881286494285,0.6528279304808098,0.384135754016021,0.5301164555597148,0.7362081054444618,-0.17150478567440688
-0.008110157229911475,-0.2583077730361911,0.6523556345804027,0.38324756073504257,0.5301938951271048,0.7368900341738308,-0.17031975309951253
-0.0075461349175790764,-0.2579631210428976,0.6517787937392028,0.3821569426169596,0.530286253398869,0.7377215516714735,-0.16887709396268588
-0.006871396820589003,-0.25754833307766684,0.6510899745594232,0.3808462408937437,0.5303933322702302,0.738712527593043,-0.16716116611666557
-0.00607877644979051,-0.25705762579496183,0.6502825328249254,0.37929824631436015,0.5305143951735739,0.7398714460556827,-0.1651591964376828
-0.005161713381920237,-0.2564852238468188,0.6493506015365618,0.37749609098687054,0.5306481281676343,0.741205400253571,-0.16286135206598873
-0.004114238097742102,-0.2558253175408237,0.6482890794563358,0.37542316205680804,0.530792606341044,0.7427200903148273,-0.1602608058374969
-0.002930961988237899,-0.2550720272896252,0.6470936201570561,0.37306304002517626,0.5309452662915354,0.7444198249120246,-0.15735379451330356
-0.001607072774141358,-0.2542193756043457,0.6457606215474876,0.3703994639464173,0.5311028852972349,0.7463075270578977,-0.15413966846300156
-0.00013833539459847885,-0.2532612672609993,0.6442872158097666,0.36741632517609946,0.5312615676674777,0.7483847444516968,-0.15062093143236513
0.0014789017776873062,-0.2521914781512854,0.6426712596478983,0.3640976907603773,0.5314167386455033,0.750651664687542,-0.1468032689423484
0.00324769573937245,-0.25100365321303514,0.6409113247054468,0.3604278569749445,0.5315631461322697,0.7531071355914568,-0.142695563741987
0.0051704932215963315,-0.24969131371733244,0.6390066879690872,0.3563914329306936,0.5316948704074121,0.7557486909158564,-0.1383098965910305
0.007249111352723303,-0.2482478740654469,0.6369573219345496,0.3519734535675992,0.5318053419380756,0.7585725815865312,-0.13366153049763083
0.009484715530944566,-0.246666668116275,0.634763884274638,0.3471595207590458,0.5318873672870733,0.7615738126651339,-0.12876887640057733
0.011877795575293835,-0.24494098492195115,0.6324277067173112,0.3419359706487389,0.5319331630568224,0.764746186157591,-0.12365343818223573
0.014428141353555635,-0.24306411359457902,0.6299507828170248,0.3362900647455777,0.5319343977332406,0.768082349763752,-0.11833973484414725
0.017134819183572642,-0.24102939686087937,0.6273357542861656,0.33021020171434384,0.5318822412229759,0.7715738516242934,-0.11285519768734359
0.019996150365652037,-0.23883029268542516,0.6245858955467735,0.32368614622948405,0.5317674218069484,0.7752112010761565,-0.10723004042692133
0.023009693223971943,-0.2364604431599463,0.6217050961668424,0.31670927071538,0.531580290162541,0.7789839353767257,-0.101497100345921
0.026172230010942057,-0.23391374967016182,0.6186978408610464,0.3092728052909287,0.5313108900354508,0.7828806922991168,-0.09569164886483986
0.029479759958461766,-0.2311844531682098,0.6155691867630801,0.30137209078239474,0.5309490350701773,0.7868892884363036,-0.08985117027453532
0.03292749964347381,-0.22826721820450246,0.6123247377159338,0.2930048292811347,0.5304843912356172,0.7909968029807886,-0.08401510785258359
0.03650989167329276,-0.22515721921500784,0.6089706153769312,0.2841713264176666,0.5299065642098335,0.7951896666698993,-0.07822457715301524
0.04022062249183274,-0.22185022742624178,0.6055134269954234,0.27487471931671636,0.5292051910165777,0.7994537555057877,-0.07252204691923868
0.0440526498658409,-0.2183426966383244,0.6019602297914579,0.2651211841050049,0.5283700351367432,0.8037744887752941,-0.06695098880801982
0.047998240337167625,-0.21463184608355867,0.5983184919419372,0.25492011687906896,0.5273910842518269,0.8081369308098647,-0.06155549791250397
0.05204901663129851,-0.2107157385404414,0.5945960502647851,0.24428428221671863,0.5262586497152393,0.8125258958416589,-0.05637988691426689
0.05619601470366919,-0.20659335191575384,0.5908010647792236,0.233229923642209,0.5249634667924528,0.8169260552310746,-0.051468257554476114
0.06042974979471157,-0.20226464259352758,0.5869419704088896,0.22177683093741435,0.5234967946642015,0.8213220462653953,-0.046864053965574456
0.06474029056392544,-0.19773059899021472,0.5830274261815477,0.20994835983021357,0.5218505151498323,0.825698581660419,-0.04260960321840912
0.06911734009460638,-0.19299328394886026,0.5790662623617617,0.19777140038270388,0.5200172290820797,0.8300405588389576,-0.038745649185053466
0.07355032231594323,-0.18805586484748132,0.5750674260283523,0.185276291335833,0.5179903492513659,0.8343331680140718,-0.03531088646423709
0.07802847218888699,-0.18292263058168248,0.5710399256740872,0.1724966787278509,0.5157641888385026,0.8385619980726648,-0.03234150163492652
0.08254092785585526,-0.1775989948998574,0.5669927754584156,0.15946931827003002,0.5133340442703825,0.842713139238141,-0.029870729467197977
0.08707682286926322,-0.17209148591021312,0.5629349397829924,0.14623382220738324,0.5106962714645606,0.8467732814904773,-0.02792843190485678
0.09162537659484686,-0.16640772192974432,0.5588752788825577,0.13283235268275684,0.5078483544759637,0.8507298077390332,-0.026540707622958352
0.0961759809346274,-0.16055637419265628,0.5548224961291846,0.11930926492396879,0.5047889656222605,0.8545708807781324,-0.02572953974321434
0.1007182816299471,-0.15454711726572373,0.5507850877353186,0.10571070484716791,0.5015180162433341,0.8582855231078071,-0.025512488855921
0.10524225258290855,-0.1483905683172474,0.5467712955103475,0.09208416687558128,0.49803669734398714,0.8618636887715524,-0.025902437850836738
0.10973826186742423,-0.142098216642341,0.5427890632771983,0.07847801887185699,0.494347509476333,0.8652963264484821,-0.02690739421157638
0.11419712837890841,-0.13568234504980722,0.5388459974908499,0.06494100203672652,0.49045428133768615,0.8685754331375009,-0.028530354396719734
0.11861016838222979,-0.1291559448568707,0.5349493325214152,0.051521714402734176,0.4863621766892875,0.8716940978841243,-0.030769233741582133
0.1229692315471809,-0.12253262631243979,0.5311059009728858,0.038268087120368034,0.4820776893386546,0.8746465351242577,-0.03361686399981823
0.127266726394895,-0.11582652627552743,0.5273221093074452,0.025226863072655443,0.47760862607129806,0.8774281073510702,-0.037061059241731885
0.13149563540284884,-0.10905221491443867,0.5236039189375166,0.01244308744824776,0.47296407756333586,0.8800353369484206,-0.04108474937854452
0.1356495203166029,-0.10222460306902159,0.5199568328366839,-4.038025426400273e-05,0.46815437745243277,0.8824659071742593,-0.04566617913370505
0.1397225184810828,-0.09535885174030574,0.5163858876096686,-0.012183323724339194,0.46319104988767784,0.884718652417207,-0.05077916887917574
0.14370933122295568,-0.08847028494931826,0.5128956508539737,-0.0239485884175111,0.4580867460167535,0.8867935379862216,-0.05639343244093877
0.14760520548119258,-0.08157430695171636,0.5094902235447478,-0.03530245365378172,0.4528551699983935,0.8886916298242187,-0.062474945795275176
0.15140590999084833,-0.07468632452022422,0.5061732470827304,-0.046214951730665865,0.44751099524726023,0.8904150546591428,-0.06898635956255784
0.15510770737423624,-0.06782167472616815,0.502947914565226,-0.056660128756833655,0.4420697717247405,0.8919669512180687,-0.07588744738913328
0.15870732348581518,-0.06099555837782543,0.49981698577389866,-0.06661624324306539,0.4365478251810108,0.8933514132294365,-0.08313558171372273
0.16220191529691072,-0.05422297901884813,0.49678280532214714,-0.07606589989503605,0.4309621493294389,0.8945734250239847,-0.09068622805788058
0.1655890385008414,-0.04751868716508406,0.49384732336978143,-0.08499611749359574,0.4253302919930273,0.895638790615084,-0.09849344886687
0.16886661587703358,-0.040897129270876936,0.49101211829385766,-0.09339833117921752,0.4196702363033971,0.8965540571933216,-0.10651040805565559
0.17203290728434906,-0.03437240077215666,0.48827842070154864,-0.1012683308364967,0.41400027805567735,0.8973264340079586,-0.11468986777380312
0.1750864819698391,-0.027958202456422103,0.48564713818293415,-0.10860613856396792,0.40833890032778547,0.897963707629413,-0.12298466947452064
0.17802619369005745,-0.02166779935961085,0.4831188802272811,-0.11541582938081328,0.40270464646069043,0.898474154592701,-0.1313481921316033
0.18085115895782836,-0.015513981384988825,0.4806939827640358,-0.12170530033803746,0.39711599246840584,0.8988664524126587,-0.1397347813629189
0.18356073855674465,-0.009509024875487318,0.47837253183734063,-0.12748599404690525,0.39159121990408596,0.8991495899389612,-0.1481001442555004
0.18615452231575375,-0.0036646544427831156,0.47615438597825643,-0.13277258329842612,0.3861482901534987,0.89933277798387,-0.15640170580785567
0.18863231701230307,0.0020079955431977566,0.47403919689968743,-0.13758262391830445,0.3808047210611941,0.8994253611099707,-0.16459892407138982
0.19099413717794053,0.0074984202793997295,0.47202642820297613,-0.14193618328271274,0.375577466720128,0.8994367314106384,-0.17265356224698777
0.19324019851628757,0.012796785010174653,0.4701153718500829,-0.1458554520185081,0.37048280117448185,0.8993762450544864,-0.18052991713862404
0.19537091360939438,0.017893966864612282,0.46830516221909746,-0.14936434633963544,0.3655362067002469,0.8992531422984393,-0.18819500445046505
0.19738688958242395,0.022781598114549186,0.46659478762175866,-0.15248810824635725,0.3607522672409356,0.8990764716041114,-0.19561870240821352
0.1992889274148362,0.02745211078785896,0.46498309921815395,-0.1552529104558614,0.35614456748866563,0.8988550184205338,-0.20277385606511864
0.2010780226242225,0.03189878245577421,0.4634688173145688,-0.15768547246406323,0.35172559801556497,0.898597239124416,-0.2096363453992543
0.2027553671014683,0.036115782914487304,0.4620505350746946,-0.1598126935821465,0.3475066667786196,0.8983112005382782,-0.2161851209077765
0.20432235193755469,0.04009822140288281,0.4607267197115071,-0.16166130817042293,0.34349781724388523,0.8980045253779266,-0.22240221084800077
0.20578057114764214,0.04384219394146058,0.4594957112568489,-0.16325756762795793,0.33970775330430525,0.897684343914496,-0.22827270456176935
0.2071318262621138,0.047344830342803505,0.45835571902819655,-0.16462695300827154,0.3361437710996243,0.8973572520729615,-0.23378471645126667
0.2083781318125398,0.05060434043078273,0.4573048159275903,-0.16579392143564525,0.33281169778708847,0.8970292761286262,-0.23892933515836792
0.2095217217894577,0.053620059012865484,0.45634093071690607,-0.1667816888059494,0.3297158372573209,0.8967058441051984,-0.24370056234716203
0.2105650571856464,0.056392489175544055,0.4554618384173822,-0.16761205057965478,0.32685892274008177,0.896391763922015,-0.2480952452153304
0.21151083476146587,0.05892334351492605,0.45466514898058363,-0.168305241818148,0.32424207619822754,0.8960912082826594,-0.25211300648265056
0.21236199717687365,0.06121558297045867,0.4539482943740168,-0.1688798369794605,0.3218647743634186,0.8958077062413553,-0.25575617514417537
0.21312174462795913,0.0632734529972062,0.4533085142186439,-0.16935268937447648,0.31972482122186,0.8955441413255026,-0.25902972075391245
0.21379354810492462,0.06510251688872892,0.4527428401089595,-0.16973890958540716,0.31781832671029425,0.8953027560306958,-0.26194119344552536
0.21438116435475313,0.06670968614613236,0.45224807874054085,-0.17005188155814596,0.3161396913290004,0.8950851624366328,-0.26450067132377075
0.21488865258708933,0.06810324787741048,0.45182079396639513,-0.17030331449128377,0.3146815963168659,0.8948923586163529,-0.2667207162985525
0.21532039290815758,0.0692928893029088,0.4514572879034987,-0.17050332804803858,0.313434998961064,0.894724750425129,-0.26861633890646236
0.2156811064070168,0.07028971953636214,0.45115358121588056,-0.17066056780447844,0.3123891325274641,0.8945821781570579,-0.27020497219549017
0.21597587675309704,0.07110628890510083,0.4509053927117533,-0.17078234720972327,0.3115315101953357,0.8944639474448977,-0.27150645435834936
0.21621017309571494,0.0717566061670702,0.45070811841055547,-0.17087481166410784,0.31084793225837676,0.8943688636503264,-0.27254301950751003
0.2163898739865258,0.0722561540755264,0.4505568102622611,-0.17094311961369646,0.3103224957119943,0.8942952688459346,-0.27333929580577027
0.21652129197579328,0.07262190383445691,0.45044615473656135,-0.17099163480972904,0.30993760518231955,0.8942410803258308,-0.27392231011116264
0.21661119846352306,0.07287232907902211,0.45037045154388433,-0.1710241230866398,0.3096739839647015,0.8942038293979973,-0.2743214983697654
0.21666684831703278,0.07302742010591247,0.4503235928036665,-0.1710439461703391,0.30951068372833224,0.8941806990082164,-0.27456872119321224
0.21669600369712944,0.07310869916922427,0.45029904303740836,-0.1710542441379511,0.3094250912096556,0.8941685585229102,-0.27469828438006594
0.21670695646503008,0.07313923774941399,0.4502898204338983,-0.17105809720905724,0.30939292996193596,0.8941639937575389,-0.27474696456258313
0.2167085484705138,0.07314367679742352,0.4502884799100997,-0.17105865655289554,0.3093882549544482,0.8941633300800674,-0.27475404065215203
