0.0,0.0,4.528538328470066e-32
3.787603515329737e-06,8.279898847740878e-06,1.4428640191692956e-10
2.9845486333651115e-05,6.52419404213605e-05,8.958398373282893e-09
9.920705258320267e-05,0.00021684928286168064,9.896824290803643e-08
0.0002315900965052891,0.0005061426167169732,5.391776938741038e-07
0.00044543784787780743,0.0009732828878402475,1.9937667470503443e-06
0.000757963217154971,0.001655589523228093,5.769208710710215e-06
0.0011851950749450565,0.0025875754387957913,1.409344445768583e-05
0.0017420254796966768,0.0038009799093116623,3.0412257716271646e-05
0.0024422568466761878,0.005324800198713602,5.9689437552581844e-05
0.003298648133691597,0.007185322688105719,0.00010869870827892053
0.004322959206603071,0.00940615410153879,0.00018629676278953387
0.005525992641551576,0.01200825331737599,0.0003036680583897949
0.00691763232137793,0.015009964165605091,0.00047453332716797876
0.008506878290654864,0.01842704954782822,0.0007153150164689162
0.00780454224343614,0.006234308491701918,0.00010818889632427494
0.008981292095049937,0.008685788919927674,0.0001912186107870059
0.01058912862967471,0.012610660840670892,0.0003741265713581388
0.012585780545922078,0.017398218704685296,0.0006846122357977995
0.012869975527807638,0.008967549124170663,0.00024365308745745372
0.014375338775756103,0.011783680688858671,0.0003810386571297849
0.016447494212842268,0.0169201499492359,0.0007078566425396585
0.01747163833867069,0.010757711412134044,0.0003840880149820136
0.019147396822538888,0.013941442692988113,0.0005720453476426511
0.021070827415644592,0.010218829568346374,0.00043084065692100077
0.022639673074977135,0.013522683811166832,0.0006220089266654691
0.025858910294774155,0.011038249193465839,0.0005780299856548056
0.02754837049087384,0.01539685951505844,0.0008535922910003081
0.03109587918975327,0.012822686136469722,0.0008123239166256769
0.03472376542560756,0.008633152326074839,0.000751933506665622
0.03793217369993573,0.008700593774062862,0.0008708265199432887
0.04054185186879795,0.00801901969743839,0.0009504309194796115
0.0427670728834798,0.005219722595675227,0.0009690023931820563
0.04228203364229551,0.006440762190160979,0.0009768523064584466
0.04224209047912943,0.006475810597905186,0.0009760696429313737
0.042358178902843185,0.0064111709382051775,0.000979314167159559
0.04259085187656506,0.006369813000524959,0.0009881396414924382
0.04284547746790837,0.004993984998794074,0.000967747345729553
0.04295957104281701,0.005020072666717768,0.00097316473709948
0.043144739009135326,0.005039613915752811,0.00098152977643043
0.04337910552763836,0.0050672971313009746,0.000992228508512072
0.04244562722675346,0.00593215617996329,0.0009711967956190133
0.04290875629870946,0.004982609272008447,0.0009702335765913569
0.04326953500576508,0.005072699863541923,0.0009875910079775356
0.042438160096507596,0.005827724062279159,0.0009684236439218236
0.04283523450674738,0.004996004355755636,0.0009673488805038961
0.043145083625091805,0.005099386720666082,0.0009827567230613623
0.043376343135913244,0.005145726610545931,0.0009937106934754048
0.042370452245515666,0.005721351545268774,0.0009630955173389644
0.04288403762903527,0.0059587309326150075,0.0009905335004581502
0.04278738410003284,0.005053660355788214,0.0009664591937564407
0.04263512895625449,0.005135247457449162,0.0009616187593598867
0.042961563379186725,0.005799872264808625,0.0009901251891606504
0.0430236786868161,0.005900923178732092,0.0009951604546792074
0.04287897251455434,0.005864045266128228,0.0009880773927972335
0.0425808583635051,0.005797543948419847,0.0009737879694439996
0.04214293016669248,0.005709137396131838,0.0009532019581981031
0.04271404776470002,0.005569550930010936,0.0009742848937194688
0.04317383808939341,0.005830744020557151,0.0009999854919911983
0.04255645546846853,0.005403993852286833,0.000963932392268863
0.04248505079595929,0.005645244764221537,0.0009662275167341433
0.04227830350156231,0.005807293643325582,0.0009611769819644184
0.0431556932512416,0.0054830542962212,0.0009913348494683658
0.04233761857162995,0.005728067237080739,0.0009618586611284843
0.04284235595544684,0.0052177286039093666,0.0009721832390058659
0.04273906290288307,0.005747651699520217,0.0009793849309177698
0.04263451485207669,0.005700035980973476,0.0009738319246432138
0.04236624688110844,0.005587183005102611,0.0009598828276740003
0.04240793704627719,0.007079909010538356,0.0009994672042128105
0.04228648746844443,0.004603271972501069,0.0009364538117520992
0.0414807050057657,0.006435272251127177,0.0009431501876172043
0.04103150682203278,0.0069112729104889485,0.000937324042792412
0.04277914320447706,0.006063176427307974,0.0009885519886750568
0.04190772861776206,0.007066954007367772,0.0009780129525350865
0.041388429313030745,0.006465816997123271,0.000940114910683302
0.04250253859258629,0.006159337104791038,0.000979108000424186
0.04116227244282276,0.007061838714241355,0.0009469058828788911
0.04169320899132089,0.006742529648859006,0.0009600855945915916
0.04170756485446162,0.006161629214250776,0.0009456920724257359
0.04098333056272407,0.00520719747408402,0.0008940466256117976
0.040405969175146175,0.007722511204991468,0.0009355961238842072
0.04053356648139751,0.00847742318602926,0.0009652192744130077
0.04066096518274206,0.0034520718110704436,0.0008504906680420419
0.04185297984323606,0.006506748929080714,0.0009605118228814526
0.04088929100096051,0.006701496836241181,0.0009257875151271247
0.03969047769650942,0.007549967361563427,0.0009016715657522607
0.04059213673445722,0.007620076816625334,0.0009399924856562967
0.039389023655712015,0.003986197045486616,0.0008075271681268855
0.04000896674053907,0.002292898809727041,0.0008108734843326803
0.04059068920487395,0.003091659097162651,0.0008429187522362605
0.041118313105806714,0.004812765051487346,0.0008916833406338339
0.041581551402814165,0.006450174628332379,0.0009477225024987504
0.03954417675293302,0.0073979812385312,0.0008913317095796963
0.03984064937164361,0.00781947301003001,0.000915927610592778
0.04007407865511635,0.008242119447019436,0.0009388317251311191
0.040248064636445494,0.008598147329052168,0.0009578105393780188
0.040368671332084806,0.008861894638069568,0.0009718821936321691
0.040443961883838433,0.009032655454989914,0.0009810358650372177
0.04048360107386334,0.009124280969059014,0.0009859671395346982
0.040498526648997994,0.009159073927917963,0.000987843773700821
0.04050069767023143,0.009164147831680857,0.0009881176423478264
