0.0,-0.17453292519943295,-0.3490658503988659,0.4363323129985824,0.6981317007977318,0.8726646259971648,-0.7853981633974483
0.0,-0.17453292519943295,-0.3490658503988659,0.4363323129985824,0.6981317007977318,0.8726646259971648,-0.7853981633974483
0.0,-0.17453292519943295,-0.3490658503988659,0.4363323129985824,0.6981317007977318,0.8726646259971648,-0.7853981633974483
0.0,-0.17453292519943295,-0.3490658503988659,0.4363323129985824,0.6981317007977318,0.8726646259971648,-0.7853981633974483
0.0,-0.17453292519943295,-0.3490658503988659,0.4363323129985824,0.6981317007977318,0.8726646259971648,-0.7853981633974483
0.0,-0.17453292519943295,-0.3490658503988659,0.4363323129985824,0.6981317007977318,0.8726646259971648,-0.7853981633974483
0.0,-0.17453292519943295,-0.3490658503988659,0.4363323129985824,0.6981317007977318,0.8726646259971648,-0.7853981633974483
0.0,-0.17453292519943295,-0.3490658503988659,0.4363323129985824,0.6981317007977318,0.8726646259971648,-0.7853981633974483
0.0,-0.17453292519943295,-0.3490658503988659,0.4363323129985824,0.6981317007977318,0.8726646259971648,-0.7853981633974483
0.0,-0.17453292519943295,-0.3490658503988659,0.4363323129985824,0.6981317007977318,0.8726646259971648,-0.7853981633974483
0.0,-0.17453292519943295,-0.3490658503988659,0.4363323129985824,0.6981317007977318,0.8726646259971648,-0.7853981633974483
0.0,-0.17453292519943295,-0.3490658503988659,0.4363323129985824,0.6981317007977318,0.8726646259971648,-0.7853981633974483
0.0,-0.17453292519943295,-0.3490658503988659,0.4363323129985824,0.6981317007977318,0.8726646259971648,-0.7853981633974483
0.0,-0.17453292519943295,-0.3490658503988659,0.4363323129985824,0.6981317007977318,0.8726646259971648,-0.7853981633974483
0.0,-0.17453292519943295,-0.3490658503988659,0.4363323129985824,0.6981317007977318,0.8726646259971648,-0.7853981633974483
0.0,-0.17453292519943295,-0.3490658503988659,0.4363323129985824,0.6981317007977318,0.8726646259971648,-0.7853981633974483
0.0025799031689816405,-0.16962166179221644,-0.3356413602255134,0.4506983294332397,0.6881580040635363,0.8856383741266642,-0.7872797432290658
0.0025799031689816405,-0.16962166179221644,-0.3356413602255134,0.4506983294332397,0.6881580040635363,0.8856383741266642,-0.7872797432290658
0.0025799031689816405,-0.16962166179221644,-0.3356413602255134,0.4506983294332397,0.6881580040635363,0.8856383741266642,-0.7872797432290658
0.008414850025204488,-0.16596422763229018,-0.32467466849710586,0.4633641890912879,0.6709135491463707,0.8961029442999924,-0.7927184322067111
0.008414850025204488,-0.16596422763229018,-0.32467466849710586,0.4633641890912879,0.6709135491463707,0.8961029442999924,-0.7927184322067111
0.008414850025204488,-0.16596422763229018,-0.32467466849710586,0.4633641890912879,0.6709135491463707,0.8961029442999924,-0.7927184322067111
0.01592245027106301,-0.1647235862420593,-0.3137568163832163,0.47637839697382595,0.6502216585938186,0.9049588589599518,-0.7975547835608675
0.01592245027106301,-0.1647235862420593,-0.3137568163832163,0.47637839697382595,0.6502216585938186,0.9049588589599518,-0.7975547835608675
0.01592245027106301,-0.1647235862420593,-0.3137568163832163,0.47637839697382595,0.6502216585938186,0.9049588589599518,-0.7975547835608675
0.023230077635538415,-0.16360259230900212,-0.3026249206858555,0.4895711640329466,0.6289118076525129,0.9136201042245328,-0.801787386798924
0.023230077635538415,-0.16360259230900212,-0.3026249206858555,0.4895711640329466,0.6289118076525129,0.9136201042245328,-0.801787386798924
0.03167396218786943,-0.16395212256209998,-0.2933119947619648,0.5012194728138173,0.6040766625117236,0.9197198001140483,-0.8062416459758606
0.0415637293124828,-0.17014496298373846,-0.2895099153891933,0.507643019708457,0.5763945932839409,0.9181692244075718,-0.8073604156710764
0.0415637293124828,-0.17014496298373846,-0.2895099153891933,0.507643019708457,0.5763945932839409,0.9181692244075718,-0.8073604156710764
0.04432939326519088,-0.1679794098258164,-0.2809618599210418,0.5171281591423648,0.5647757161108033,0.9254530774264117,-0.8077545184259952
0.04943489126931854,-0.16658131860878309,-0.2754172621443631,0.5242497066195477,0.5453580953101868,0.9293492250990908,-0.8102133713256648
0.05580967426889415,-0.17059331372793826,-0.27418180036684475,0.5275879598598164,0.5217541895690159,0.9268120287282104,-0.8062173868825109
0.060388126714236046,-0.16477598791584333,-0.2729752163377199,0.531487400423367,0.494391842058744,0.9291029193286325,-0.7942348647411785
0.0639113147380216,-0.15453489734034,-0.2693027696124965,0.5380424468589149,0.4703323132278585,0.9356647437022962,-0.7775398706763015
0.06757281104944397,-0.13985725818524392,-0.2728014940212109,0.5379608584130169,0.44270956039347475,0.9371947472827873,-0.7572344534024957
0.07151828030912957,-0.1292869093047425,-0.2684661288254847,0.5451518026923308,0.41805814630734367,0.9432025394725818,-0.7412338629483859
0.07560794690931455,-0.113870947419879,-0.2711384244541463,0.5457690662317728,0.38983822762388837,0.943871978248624,-0.7209190274110922
0.07988974726439461,-0.09920553269194017,-0.2697106627766654,0.5501774404408659,0.3622574136700482,0.9470889792445645,-0.7011351024944283
0.08438846663806139,-0.08409987705379027,-0.268323747291788,0.5543194778104457,0.3342762497279356,0.9495807423546035,-0.6811486440796723
0.08902591559166877,-0.06687203523532902,-0.26403106238920115,0.5611581193354532,0.3052936329487019,0.9542394411023676,-0.6581443848177068
0.0939708902420801,-0.050311819165498955,-0.26466292736566727,0.5625356390278334,0.27616994793511535,0.9535236288922265,-0.6376336233240423
0.09907323874566268,-0.03458653263691763,-0.2588530230855499,0.5699519684633987,0.24768005697271475,0.9580474153587586,-0.6172504100785532
0.10438786174919354,-0.016040073674800565,-0.25811385991445346,0.571686281390797,0.21750719656892176,0.957229201132817,-0.5945130947823719
0.10989378204698752,0.0024361521408601517,-0.2520113110397441,0.5782106131521975,0.18740679986843647,0.9607253834947516,-0.5712287711773864
0.11558616751218115,0.021539061332723604,-0.2501080304127989,0.5797062015765775,0.15696234933467634,0.9596255350467748,-0.5480709204999971
0.12148394505220315,0.040659098535476654,-0.24287070193766083,0.5858819272336403,0.1264306213617449,0.9629470750033949,-0.5243469801194799
0.1275180511484275,0.06035863460069169,-0.2398746868411144,0.5868702990155003,0.09572072428714026,0.9616720412959172,-0.5005592187158325
0.13376986761612097,0.08019532483013865,-0.23148139968258166,0.5925092796768349,0.06484340238226523,0.9649732113560885,-0.47622213833915933
0.14010286073990674,0.10052098724074031,-0.227388102325081,0.5928114964114554,0.03399053471266308,0.9636787570833429,-0.45169252468961746
0.14666483803577046,0.12107510226947828,-0.21780815843646686,0.597760318816961,0.002925147513245932,0.967101583363286,-0.42670682620001715
0.1532470271799162,0.1419899584583538,-0.21260310693759218,0.5972482287103975,-0.027889540660655854,0.9659360862713072,-0.40144517805070323
0.1599586329498011,0.1613294877127335,-0.20538182861246151,0.5984875762623204,-0.05829309308671345,0.9668438244381108,-0.37795157616438835
0.16675031207048488,0.18071928107161292,-0.19714654551806232,0.6000066015147355,-0.08841100108439667,0.9684776307101182,-0.354549318984803
0.17362565977508793,0.20070881626746898,-0.18846219757457855,0.6009811283463835,-0.11852002221250237,0.9700913319808705,-0.3304489651697722
0.18056203056291376,0.2210906134893695,-0.17922424909209989,0.6015587409574359,-0.1484607429951573,0.9718645441608323,-0.30595035758464795
0.18754254559048936,0.241810014840629,-0.1694615835591996,0.6017028458252288,-0.1781691350848914,0.9737852899334,-0.2811150035119179
0.19442830352030177,0.25940776892369594,-0.16043846319505242,0.6020951930293845,-0.20636499208093745,0.9763661135399021,-0.26037929798999615
0.20134765191239917,0.27721477119184224,-0.15128587575008814,0.6019482360312938,-0.23450935974781253,0.9788255147503253,-0.2392640416446529
0.20826200235288356,0.2954392761540991,-0.1417335540567285,0.6014294193675651,-0.2623901258493739,0.981308769539274,-0.21770204739666613
0.21515019542384461,0.3140253434848946,-0.13175383821075431,0.6005698308982681,-0.28990592594418224,0.983852582292661,-0.19578709925315677
0.22199140711231244,0.3328763897565469,-0.12136399668592028,0.5993855415779894,-0.3169780997473839,0.9864704531436491,-0.17363810189826792
0.22854209862173336,0.34896370553823597,-0.1126507247358401,0.5978840968254937,-0.34310094211961545,0.9890590810073053,-0.15473508025363447
0.23519242542407487,0.36552926332140095,-0.10311913460923743,0.5966492774088487,-0.36861036885245996,0.9919860426317075,-0.13574417335265548
0.24171881790091593,0.38242849760829284,-0.09323805195089575,0.595037170210555,-0.3935552060927448,0.9947984470963903,-0.1161604209478523
0.2481475415580718,0.39958219034012243,-0.08295779144807879,0.5932312568241511,-0.41794836441678207,0.9976227240459555,-0.09640386900786942
0.25528432624987946,0.4111073112608548,-0.07295149970939005,0.5958117125316148,-0.44060762299138423,1.0042062738247728,-0.08535375884486333
0.260624293696444,0.42859142816719153,-0.06485114740928528,0.5901024945133497,-0.4633846596176529,1.0039444933939776,-0.06262456426331751
0.2673506107738545,0.44117564667180664,-0.05457007726235074,0.592081874034319,-0.48540413648203895,1.0099238271333837,-0.05160427663351997
0.27294903544141996,0.4549533206554526,-0.04630955516144858,0.5902986995144628,-0.506920623721166,1.0127475312134444,-0.03726567347704915
0.2783603657058449,0.46855304067196696,-0.038052666210883275,0.5884706198808015,-0.5267489273303487,1.0151939585173317,-0.023163492954212536
0.2835718385867548,0.48170891843881586,-0.029923194280412856,0.5866198013195575,-0.5457675947039636,1.0175879085170034,-0.009474294302117622
0.28863809908557486,0.49460062041815145,-0.02186313244532823,0.5846873171419343,-0.5641855781294879,1.0198957819928132,0.003998643758774739
0.2935250833707852,0.5072494186557496,-0.013790064951812368,0.5827122567340782,-0.5819115708319396,1.0221148795410115,0.01732463220354485
0.29820225404394257,0.5202720729094938,-0.0055200150389532136,0.5808240009720347,-0.5992058375682286,1.0240632160706724,0.03001432492614281
0.30228461346071706,0.5256788808395811,-0.001120265206223734,0.5782337111195847,-0.6109942796321302,1.0268253301365677,0.04263934206288306
0.3081548552452952,0.5364110671451195,0.0035852268319614376,0.5730263565940612,-0.6302666673098647,1.0285212198597908,0.05842322411574257
0.31236924931988175,0.5535711526957249,0.012509014946517195,0.5705725694449129,-0.6489390607209629,1.0281686952043,0.0692082534271369
0.313490890758106,0.5562799342351197,0.018675670898069385,0.5748987967568718,-0.6526251286402508,1.0319811078415462,0.06885540992997191
0.31778101301434586,0.5617980031282168,0.023150116145280827,0.5723764888174686,-0.6651203442896783,1.0351964206649404,0.08081552673031533
0.32329595148188245,0.5724885856528514,0.030087187409431945,0.5668924157975245,-0.6832180279927421,1.037559613131681,0.10061140133300986
0.3242424930601211,0.5807990544163848,0.035351098423858876,0.5700978744087479,-0.6897468340539373,1.0376045064428765,0.09624388606015935
0.3273003858181517,0.5865585051467477,0.04103010854562949,0.568143489344906,-0.6992301114435936,1.0399694899700076,0.10792325475348502
0.32904173881053916,0.5951053046536449,0.04265068368271355,0.5670880119233779,-0.7075587923983654,1.0379153783343174,0.10705981747543461
0.3351428932534021,0.60407264279425,0.0497514258852054,0.5656571225232933,-0.7255023771772081,1.0428352639657748,0.11869388656385772
0.3351428932534021,0.60407264279425,0.0497514258852054,0.5656571225232933,-0.7255023771772081,1.0428352639657748,0.11869388656385772
0.33716242818111875,0.6128428166492311,0.05212303434192751,0.5607750164103144,-0.7357502345023881,1.0407527788756816,0.128012930596158
0.33786528501701296,0.6134409165687084,0.0581950061961755,0.5642464327991131,-0.7372582545003429,1.0446010697412627,0.13056476303391504
0.3395651073330022,0.6199639625396272,0.05836073371733903,0.560011774388306,-0.7440046083949983,1.0418615801961675,0.1361284859785841
0.3395651073330022,0.6199639625396272,0.05836073371733903,0.560011774388306,-0.7440046083949983,1.0418615801961675,0.1361284859785841
0.34119104293406766,0.6229273675252911,0.06434624458520474,0.56319551375157,-0.7490251651685238,1.0455018054672212,0.13759462072844175
0.34256470756497276,0.6263377587905751,0.06332589531582848,0.558201055679822,-0.7537791202745164,1.0435607732526748,0.14516970354321374
0.34256470756497276,0.6263377587905751,0.06332589531582848,0.558201055679822,-0.7537791202745164,1.0435607732526748,0.14516970354321374
0.34256470756497276,0.6263377587905751,0.06332589531582848,0.558201055679822,-0.7537791202745164,1.0435607732526748,0.14516970354321374
0.3438946195826703,0.6298974394743674,0.06901344427108183,0.5614678945782043,-0.7585670114644796,1.0464274699888902,0.14524897872244716
0.3438946195826703,0.6298974394743674,0.06901344427108183,0.5614678945782043,-0.7585670114644796,1.0464274699888902,0.14524897872244716
0.3438946195826703,0.6298974394743674,0.06901344427108183,0.5614678945782043,-0.7585670114644796,1.0464274699888902,0.14524897872244716
0.3438946195826703,0.6298974394743674,0.06901344427108183,0.5614678945782043,-0.7585670114644796,1.0464274699888902,0.14524897872244716
0.3438946195826703,0.6298974394743674,0.06901344427108183,0.5614678945782043,-0.7585670114644796,1.0464274699888902,0.14524897872244716
0.3438946195826703,0.6298974394743674,0.06901344427108183,0.5614678945782043,-0.7585670114644796,1.0464274699888902,0.14524897872244716
0.3438946195826703,0.6298974394743674,0.06901344427108183,0.5614678945782043,-0.7585670114644796,1.0464274699888902,0.14524897872244716
