0.008014440536499023
0.02193427085876465
0.018729686737060547
0.026232481002807617
0.010513067245483398
0.022570133209228516
0.015604972839355469
0.031285762786865234
0.016102313995361328
0.016004323959350586
0.021728038787841797
0.021564245223999023
0.022151470184326172
0.02615976333618164
0.03169608116149902
0.034043312072753906
0.011158227920532227
0.019871950149536133
0.025282859802246094
0.025116920471191406
0.02122640609741211
0.03107428550720215
0.024231672286987305
0.015959978103637695
0.03126025199890137
0.02151775360107422
0.037070512771606445
0.024957656860351562
0.031502723693847656
0.03137087821960449
0.023303747177124023
0.022731781005859375
0.031810760498046875
0.021198034286499023
0.016077518463134766
0.026169300079345703
0.020165205001831055
0.026191234588623047
0.030698776245117188
0.02016472816467285
0.031357526779174805
0.03178119659423828
0.03179669380187988
0.02628302574157715
0.015659570693969727
0.02016139030456543
0.02578115463256836
0.03135180473327637
0.031884193420410156
0.020186185836791992
0.02030491828918457
0.0251617431640625
0.031324148178100586
0.02174663543701172
0.020208120346069336
0.02612018585205078
0.020193099975585938
0.03181004524230957
0.031790733337402344
0.02585291862487793
0.021106719970703125
0.016004085540771484
0.020061016082763672
0.02920389175415039
0.021599531173706055
0.01600480079650879
0.02762007713317871
0.02122354507446289
0.016010046005249023
0.022785663604736328
0.027608871459960938
0.03181624412536621
0.02313375473022461
0.01609182357788086
0.026141643524169922
0.03169608116149902
0.03125786781311035
0.03577852249145508
0.022632837295532227
0.025651931762695312
0.016188383102416992
0.025723695755004883
0.0320744514465332
0.031812429428100586
0.03619647026062012
0.025675296783447266
0.020573139190673828
0.03173208236694336
0.025120973587036133
0.02210378646850586
0.00951075553894043
0.02005791664123535
0.025120258331298828
0.015508413314819336
0.014567852020263672
0.021615266799926758
0.021646738052368164
0.03172111511230469
0.02211141586303711
0.02572774887084961
0.02157139778137207
