0.01050877571105957
0.005566120147705078
0.0
0.007016420364379883
0.008068561553955078
0.0
0.010091543197631836
0.016114473342895508
0.003543376922607422
0.005542278289794922
0.0
0.012621879577636719
0.006036520004272461
0.006035566329956055
0.015665292739868164
0.01003885269165039
0.010035276412963867
0.010035991668701172
0.0040493011474609375
0.01587080955505371
0.005540132522583008
0.005541086196899414
0.00787663459777832
0.007977008819580078
0.015691518783569336
0.015747785568237305
0.008110761642456055
0.010039567947387695
0.015729904174804688
0.00759577751159668
0.010118246078491211
0.015578269958496094
0.008014440536499023
0.007540702819824219
0.010036468505859375
0.0
0.01565718650817871
0.01572728157043457
0.011613607406616211
0.01571512222290039
0.015732765197753906
0.005539655685424805
0.017796754837036133
0.005038738250732422
0.010077238082885742
0.0060367584228515625
0.0055391788482666016
0.01007843017578125
0.006036520004272461
0.0
0.0
0.0
0.0070416927337646484
0.01012277603149414
0.010036230087280273
0.010581493377685547
0.004537105560302734
0.007980823516845703
0.014393806457519531
0.005505800247192383
0.0157167911529541
0.0075604915618896484
0.01571345329284668
0.020085811614990234
0.0
0.0
0.010002613067626953
0.010001659393310547
0.0
0.010001897811889648
0.009005069732666016
0.01608133316040039
0.015704870223999023
0.015700817108154297
0.007018566131591797
0.01000213623046875
0.010001897811889648
0.016004562377929688
0.005505561828613281
0.006002187728881836
0.0060024261474609375
0.010008573532104492
0.007593393325805664
8.702278137207031e-05
0.010001659393310547
0.01000213623046875
0.010002374649047852
0.01556086540222168
0.005505800247192383
0.007206916809082031
0.0
0.01572418212890625
0.008142471313476562
0.007657051086425781
0.0044443607330322266
0.0
0.012141942977905273
0.009476423263549805
0.015005111694335938
0.010009527206420898
0.007944345474243164
