0.0,-0.17453292519943295,-0.3490658503988659,0.4363323129985824,0.6981317007977318,0.8726646259971648,-0.7853981633974483
2.253889201799131e-06,-0.17452474106972973,-0.3490638809359664,0.43633523622907666,0.6981169808073356,0.8726682559556577,-0.785387004043328
1.7760346806641957e-05,-0.17446843355601183,-0.3490503305544095,0.43635534720934205,0.6980157121973726,0.8726932254412781,-0.7853102310982109
5.903764029509671e-05,-0.1743185313741229,-0.3490142534624559,0.4364088769379787,0.6977461669579268,0.8727596573039075,-0.7851058829093763
0.00013782676618304864,-0.1740323427195167,-0.3489453621782089,0.4365110336783824,0.6972317721118405,0.8728863169510027,-0.7847158978159382
0.0002651219588426837,-0.1735698024677387,-0.3488339785089667,0.43667602608171047,0.6964009927034873,0.8730905537865369,-0.7840860170004388
0.0004512050291311736,-0.1728932968855727,-0.3486709742668354,0.4369170854423655,0.6951872125070144,0.8733882220095373,-0.7831656829209872
0.0007056827600548822,-0.17196747379680952,-0.34844770279220805,0.43724648567497104,0.6935286132571769,0.8737935880153755,-0.7819079338996759
0.0010375268246809017,-0.17075904556521693,-0.34815592146930907,0.4376755591611601,0.6913680531440466,0.8743192311154399,-0.7802692951077554
0.0014551158920247213,-0.16923659172695374,-0.34778770468037284,0.43821470626939707,0.6886529452953508,0.874975943789818,-0.7782096659576265
0.0019662797339302525,-0.16737036762204785,-0.34733534612005457,0.4388733961414676,0.6853351369809474,0.8757726372323938,-0.7756922038093671
0.00257834522922141,-0.16513212494002238,-0.34679124912621906,0.4396601562979143,0.6813707903178404,0.876716257536731,-0.7726832039525225
0.0032981841741598224,-0.16249494970669,-0.3461478037041297,0.44058254875761427,0.6767202653200496,0.8778117175121621,-0.7691519760393248
0.004132262748622373,-0.15943312289336237,-0.3453972492486387,0.44164713071430123,0.6713480062526547,0.8790618487731688,-0.7650707175455215
0.0050866923564853814,-0.1559220085110932,-0.34453152259729025,0.44285939835392213,0.6652224323613745,0.8804673784346829,-0.7604143853795774
0.006167281361965847,-0.15193797373990722,-0.3435420919731515,0.4442237131369293,0.658315834171626,0.8820269344160793,-0.7551605674423356
0.007379586989258872,-0.14745834530190438,-0.34241977857710826,0.44574321079249074,0.6506042766399076,0.8837370829929198,-0.7492893567002531
0.008728966352752107,-0.1424614058735758,-0.3411545690373405,0.4474196943643144,0.6420675104765599,0.8855924017856591,-0.7427832311235896
0.010220625254312313,-0.13692643379041056,-0.3397354235734458,0.44925351388151624,0.6326888928903001,0.8875855908091784,-0.7356269435695466
0.01185966304242184,-0.13083378856301198,-0.33815008652861867,0.4512434365763265,0.6224553188183187,0.8897076234551755,-0.7278074262846712
0.013651111498954413,-0.12416504372788781,-0.3363849077794847,0.453386512979114,0.6113571633422101,0.8919479383190917,-0.719313715044488
0.015599965433089098,-0.11690316723069896,-0.33442468534152026,0.4556779456309929,0.5993882354405339,0.8942946715591567,-0.7101368979467833
0.017711202454002744,-0.10903274782671953,-0.3322525411000819,0.458110968475518,0.5865457424707645,0.8967349279730071,-0.7002700934197835
0.019989789306420445,-0.10054026384968523,-0.3298498428272838,0.46067674611292775,0.5728302638188961,0.8992550871938857,-0.6897084610144066
0.022440672232551365,-0.0914143881524995,-0.3271961862675862,0.463364302884421,0.5582457310401422,0.90184113937585,-0.678449246966818
0.025068749117762096,-0.08164632012941377,-0.32426945083622716,0.46616049203922033,0.5427994106046304,0.904479042537785,-0.6664918643402474
0.027878821728136494,-0.07123013263678181,-0.32104594111913176,0.4690500148584135,0.5265018841769764,0.9071550914857124,-0.6538380048614839
0.03087552718367986,-0.060163118577939614,-0.31750062366635995,0.4720154984070295,0.5093670203318547,0.9098562861251317,-0.6404917765141069
0.034063248933410416,-0.04844611924303331,-0.3136074644040903,0.475037638451587,0.491411930922655,0.9125706852308212,-0.6264598578061161
0.03744600887143252,-0.036083814606691036,-0.3093398663734277,0.4780954109823149,0.4726569051482184,0.9152877306345505,-0.6117516567424495
0.0410273437724971,-0.023084955127503214,-0.3046712006743662,0.4811663518100319,0.45312531486897517,0.9179985265823196,-0.5963794603208762
0.044810170795642604,-0.009462515563271283,-0.29957541593905807,0.4842268991065537,0.4328434860011836,0.9206960599353341,-0.5803585592467717
0.04879664822682015,0.004766245817231189,-0.294027704114509,0.4872527889191804,0.4118405328743016,0.9233753490693288,-0.5637073328758158
0.052988038703225764,0.019579834441244223,-0.2880051937194523,0.49021948913605246,0.3901481551455464,0.9260335127551638,-0.5464472813265238
0.057384582691466506,0.03495267838769022,-0.2814876370206839,0.4931026536906771,0.36780039997346103,0.9286697547839304,-0.5286029952114831
0.06198538983557042,0.050855396824170646,-0.27445805559553194,0.49587857651727085,0.34483339529615253,0.9312852652512195,-0.5102020582054831
0.06678835489359959,0.0672551677796425,-0.2669033100368584,0.4985246242990776,0.32128506281557234,0.9338830447141323,-0.49127488314163975
0.0717901033978912,0.08411617791083584,-0.25881456418334975,0.5010196285447491,0.2971948212583835,0.9364676622842901,-0.4718544877874699
0.07698597006993348,0.10140013132960567,-0.2501876217681213,0.5033442208433342,0.27260329136751005,0.939044962559984,-0.45197622115497554
0.08237001064929572,0.11906679127182192,-0.24102312285814573,0.5054810998656081,0.24755201374831146,0.9416217387073678,-0.43167745451818906
0.08793504544944115,0.13707452774590598,-0.2313265976965625,0.5074152241729504,0.22208318921317188,0.944205389772048,-0.410997252865429
0.09367273091003117,0.15538084622205472,-0.22110838528719515,0.5091339304566416,0.19623944889201944,0.9468035794747804,-0.38997604223277443
0.09957365388893212,0.17394287645757753,-0.21038343217621686,0.5106269818000014,0.17006365847019708,0.9494239115883538,-0.3686552864770452
0.10562744254513665,0.1927178059841727,-0.1991709926434763,0.5118865544351968,0.14359875790043514,0.9520736339217428,-0.34707718400883747
0.11182288741986748,0.21166324879313023,-0.1874942546035643,0.5129071739800721,0.11688763519419423,0.9547593794325465,-0.3252843913869417
0.11814806665118617,0.23073754558181617,-0.17537991603867167,0.5136856132430355,0.0899730307112536,0.9574869495048235,-0.3033197770349355
0.12459047002127537,0.2498999969735814,-0.16285773516750549,0.5142207635262267,0.06289746689653876,0.9602611413198785,-0.2812262051389834
0.1311371175720564,0.26911103502574835,-0.14996007440832868,0.5145134902172395,0.035703197686237025,0.9630856187417317,-0.2590463473228979
0.13777466967646265,0.2883323409558269,-0.1367214541754362,0.5145664816693377,0.00843217174812983,0.9659628243285422,-0.23682251810664842
0.1444895265862275,0.30752691839590923,-0.12317812825905314,0.5143840982600275,-0.01887399581073955,0.9688939289489016,-0.21459652942231142
0.1512679164976623,0.32665913180893785,-0.10936768844876188,0.5139722263657852,-0.04617404781306274,0.9718788149288284,-0.19240955946837696
0.1580959720270438,0.3456947192180893,-0.09532870249111325,0.5133381400071229,-0.0734271089988582,0.9749160885460968,-0.1703020317474822
0.16495979564388683,0.3646007873739682,-0.08110038659554913,0.5124903712378646,-0.10059271213554907,0.9780031178711704,-0.14831350105636681
0.1718455150752638,0.3833457961564161,-0.06672231157107243,0.5114385890445915,-0.12763082779850918,0.9811360922964143,-0.1264825442895119
0.17873932998680586,0.40189953757443275,-0.052234140251363546,0.5101934856017789,-0.15450189856576893,0.9843101004842008,-0.10484665502275306
0.18562755139340203,0.42023311333695534,-0.037675393056654544,0.5087666681740513,-0.1811668777617861,0.9875192238255058,-0.08344214183753526
0.19249663528587185,0.4383189137147139,-0.023085238226309583,0.5071705547234328,-0.20758727247790656,0.9907566427845744,-0.06230403115071699
0.19933321190840117,0.4561305993542521,-0.00850230331058311,0.5054182713086459,-0.23372519038152315,0.994014753694994,-0.04146597588263899
0.20612411201136627,0.47364308686080614,0.006035495185372454,0.5035235495933434,-0.259543389774739,0.9972852936704568,-0.020960171612796293
0.21285639125677597,0.4908325383347319,0.020491106659947994,0.5015006231506142,-0.285005332439297,1.0005594713167207,-0.0008172819464497849
0.21951735378593423,0.5076763546096624,0.03482848791518807,0.49936412170576194,-0.310075238971686,1.0038281009086298,0.0189336253273865
0.22609457578349754,0.5241531716732188,0.04901273292130794,0.49712896295080694,-0.33471814652846804,1.007081737656511,0.0382651300279542
0.2325759296981381,0.5402428596238021,0.0630101919967761,0.4948102420505048,-0.3588999691354477,1.01031081166232,0.057151498522492336
0.23894960961357273,0.5559265234992651,0.07678858115583784,0.49242311940924605,-0.38258756093092816,1.0135057581817546,0.07556870955413568
0.24520415810876595,0.571186505378101,0.09031708206353636,0.4899827076559775,-0.40574878289361005,1.0166571418869812,0.09349446728102609
0.2513284948053053,0.5860063872748907,0.10356643281813002,0.4875039591130415,-0.42835257372779695,1.0197557729756221,0.11090820242699766
0.2573119466745928,0.6003709945086156,0.11650900964892952,0.4850015552340804,-0.45036902563666004,1.0227928132019009,0.1277910629779626
0.2631442800684628,0.6142663993961277,0.1291188995649149,0.48248979962141103,-0.4717694657025833,1.0257598702107789,0.14412589631544925
0.2688157343444422,0.6276799252989709,0.14137196400392477,0.4799825162654002,-0.49252654351419073,1.0286490789249882,0.15989722503522685
0.27431705688157065,0.6406001512176748,0.15324589360082194,0.4774929545914537,-0.5126143255434511,1.031453169153256,0.17509121893812937
0.2796395392242394,0.6530169172740394,0.1647202543007198,0.47503370276379586,-0.5320083965899297,1.0341655190337682,0.18969566579400696
0.28477505405015724,0.6649213315418551,0.1757765251776344,0.4726166104895533,-0.5506859683917545,1.036780194379589,0.2036999434684618
0.2897160926339818,0.6763057787744704,0.18639812846709944,0.47025272230518117,-0.5686259952670663,1.0392919744287201,0.21709499587250813
0.29445580246990183,0.6871639316309347,0.1965704524721751,0.4679522220249567,-0.5858092964123499,1.0416963649000401,0.22987331496155777
0.2989880247238301,0.6974907650195232,0.206280868146932,0.4657243887029554,-0.60221868426014,1.0439895995994786,0.24202893069026107
0.30330733120743003,0.7072825741595218,0.21551874029134602,0.4635775641221358,-0.6178390981016164,1.0461686320945511,0.2535574104462716
0.3074090606005984,0.7165369969109721,0.22427543440112374,0.4615191314910935,-0.6326577420189152,1.0482311191703777,0.26445586906228913
0.3112893536935944,0.7252530408426445,0.2325443202993272,0.45955550471642215,-0.6466642260559511,1.050175397893086,0.2747229900669184
0.3149451874725136,0.7334311154058947,0.24032077373118313,0.4576921273383855,-0.6598507094893956,1.0520004581381341,0.28435905840397097
0.318374407928834,0.7410730694635514,0.2476021771261293,0.4559334799818295,-0.6722120450432909,1.0537059123973334,0.2933660044482683
0.32157576153239875,0.7481822342952835,0.2543879207215378,0.45428309499058467,-0.6837459229169945,1.055291964568443,0.3017474587908328
0.32454892536393987,0.7547634720734643,0.26067940520055477,0.4527435767896893,-0.6944530135698294,1.0567593792689833,0.3095088169728308
0.32729453595523617,0.7608232296815061,0.26648004692365906,0.4513166264568916,-0.7043371083079522,1.0581094530129107,0.31665731312246415
0.32981421692942775,0.7663695976387203,0.2717952867319622,0.45000306898488074,-0.7134052568529758,1.059343988361728,0.32320210129845206
0.33211060556897615,0.7714123738058545,0.27663260317344907,0.44880288177495725,-0.7216679012224883,1.0604652719226573,0.3291543432663806
0.3341873784629263,0.7759631314773181,0.2810015308551941,0.4477152230157839,-0.7291390054131479,1.0614760568282855,0.3345273014253591
0.3360492763980669,0.7800352914211596,0.28491368445955945,0.44673845876019014,-0.7358361805417314,1.0623795501047624,0.3393364356543403
0.33770212866079125,0.7836441974052017,0.28838278878573853,0.4458701877081495,-0.7417808052590728,1.0631794051260615,0.3435995029486419
0.33915287690912627,0.7868071947442227,0.291424714994618,0.4451072629240952,-0.7469981414029612,1.0638797191650733,0.3473366588543961
0.3404095987597999,0.7895437114147323,0.29405752305091154,0.4444458099492079,-0.7515174449999374,1.0644850358909879,0.35057055986846175
0.3414815312153506,0.7918753413031352,0.2963015101758076,0.443881241001472,-0.755372072847743,1.0650003525253835,0.35332646613718893
0.3423790940347881,0.7938259291747503,0.29817926495262004,0.4434082651759975,-0.758599585027845,1.0654311312571885,0.3556323439476341
0.3431139131304941,0.7954216569664484,0.29971572657066176,0.44302089475358036,-0.7612418437970412,1.0657833144252995,0.35751896764442165
0.34369884405716866,0.7966911310078743,0.30093824855328566,0.4427124478861465,-0.7633451093932812,1.0660633429045954,0.35902002071354444
0.3441479956479894,0.7976654697598827,0.30187666619843445,0.4424755480457791,-0.7649601333692145,1.0662781770740968,0.3601721958425765
0.3444767538507315,0.7983783916179416,0.30256336686630064,0.4423021206926208,-0.7661422501326127,1.0664353197017027,0.3610152937878389
0.34470180582385934,0.7988663022615171,0.3030333621808956,0.4421833876338185,-0.7669514674390442,1.066542840047497,0.3615923208511991
0.3448411643692349,0.7991683809335086,0.3033243611684276,0.44210985950881937,-0.7674525566203828,1.0666093984622438,0.3619495846882808
0.34491419280512786,0.7993266649129545,0.30347684333644304,0.44207132675296446,-0.7677151434007982,1.0666442707429775,0.3621367880470694
0.34494163041721104,0.799386131294581,0.30353413069441926,0.4420568492638308,-0.7678138001619754,1.0666573714927472,0.36220711986571125
0.3449456186677826,0.7993947750284329,0.30354245772888294,0.44205474484503965,-0.7678281406248048,1.066659275726822,0.3622173429725483
