-1.9198621771937625,-0.9599310885968813,-1.4835298641951802,-1.8325957145940461,1.3962634015954636,0.7853981633974483
-1.9198621771937625,-0.9599310885968813,-1.4835298641951802,-1.8325957145940461,1.3962634015954636,0.7853981633974483
-1.9198621771937625,-0.9599310885968813,-1.4835298641951802,-1.8325957145940461,1.3962634015954636,0.7853981633974483
-1.9198621771937625,-0.9599310885968813,-1.4835298641951802,-1.8325957145940461,1.3962634015954636,0.7853981633974483
-1.9198621771937625,-0.9599310885968813,-1.4835298641951802,-1.8325957145940461,1.3962634015954636,0.7853981633974483
-1.9198621771937625,-0.9599310885968813,-1.4835298641951802,-1.8325957145940461,1.3962634015954636,0.7853981633974483
-1.9198621771937625,-0.9599310885968813,-1.4835298641951802,-1.8325957145940461,1.3962634015954636,0.7853981633974483
-1.9198621771937625,-0.9599310885968813,-1.4835298641951802,-1.8325957145940461,1.3962634015954636,0.7853981633974483
-1.9198621771937625,-0.9599310885968813,-1.4835298641951802,-1.8325957145940461,1.3962634015954636,0.7853981633974483
-1.9198621771937625,-0.9599310885968813,-1.4835298641951802,-1.8325957145940461,1.3962634015954636,0.7853981633974483
-1.9198621771937625,-0.9599310885968813,-1.4835298641951802,-1.8325957145940461,1.3962634015954636,0.7853981633974483
-1.9198621771937625,-0.9599310885968813,-1.4835298641951802,-1.8325957145940461,1.3962634015954636,0.7853981633974483
-1.9198621771937625,-0.9599310885968813,-1.4835298641951802,-1.8325957145940461,1.3962634015954636,0.7853981633974483
-1.9198621771937625,-0.9599310885968813,-1.4835298641951802,-1.8325957145940461,1.3962634015954636,0.7853981633974483
-1.9198621771937625,-0.9599310885968813,-1.4835298641951802,-1.8325957145940461,1.3962634015954636,0.7853981633974483
-1.9198621771937625,-0.9599310885968813,-1.4835298641951802,-1.8325957145940461,1.3962634015954636,0.7853981633974483
-1.9198621771937625,-0.9599310885968813,-1.4835298641951802,-1.8325957145940461,1.3962634015954636,0.7853981633974483
-1.8995429385923595,-0.9578879815863065,-1.480202818079917,-1.828013131405638,1.3890272389425622,0.761952862451701
-1.8995429385923595,-0.9578879815863065,-1.480202818079917,-1.828013131405638,1.3890272389425622,0.761952862451701
-1.8995429385923595,-0.9578879815863065,-1.480202818079917,-1.828013131405638,1.3890272389425622,0.761952862451701
-1.8995429385923595,-0.9578879815863065,-1.480202818079917,-1.828013131405638,1.3890272389425622,0.761952862451701
-1.881465134223098,-0.9569814333234518,-1.477022700896679,-1.8221610863257018,1.3732637090362705,0.7380457705122446
-1.881465134223098,-0.9569814333234518,-1.477022700896679,-1.8221610863257018,1.3732637090362705,0.7380457705122446
-1.869131681592254,-0.9586039331381927,-1.4750344431893705,-1.8153591068544732,1.352870000095924,0.7197766597969221
-1.869131681592254,-0.9586039331381927,-1.4750344431893705,-1.8153591068544732,1.352870000095924,0.7197766597969221
-1.869131681592254,-0.9586039331381927,-1.4750344431893705,-1.8153591068544732,1.352870000095924,0.7197766597969221
-1.8527706641304167,-0.9594352299933778,-1.4724247580459402,-1.8080233115331126,1.3412446936414206,0.7015671245414266
-1.8421465796502683,-0.9647000798004461,-1.4716941238040977,-1.7983186750504028,1.32181984783674,0.6892903088660768
-1.8294155157146785,-0.9717605588115392,-1.4710097399537023,-1.785400970060889,1.3124506226275248,0.6831947943565289
-1.8173049758274367,-0.9846765857446258,-1.474863207506248,-1.7739904778174997,1.3005172016094713,0.6782528815512539
-1.8098029714177921,-0.990988697673178,-1.4753789975928728,-1.7641443843619846,1.295239190632319,0.6777528475421705
-1.796421327998394,-0.9976774469790693,-1.4731559743801965,-1.7454747650094562,1.2840427613652061,0.6748618134503281
-1.7792465724333593,-1.0114707233615718,-1.4751062909584518,-1.7235441697969762,1.2709263979799421,0.6731895886584571
-1.7645450210503528,-1.0236994344024375,-1.4800927927957142,-1.7127654267741323,1.2607981349084199,0.6665282524123688
-1.749544478004898,-1.0314451780750582,-1.4795593268521643,-1.6934270291449203,1.2480316133704659,0.6631485954468443
-1.7314195502292309,-1.0437492500615868,-1.4821189804231434,-1.6716446746383187,1.2346109740695712,0.660748941695492
-1.713860260727942,-1.0554920784923987,-1.4856276144536258,-1.6524634532838742,1.2214964424081038,0.6570905277321508
-1.696134483281881,-1.0665941171499929,-1.489239595695014,-1.6334949196287951,1.2081620435732234,0.6530239922410691
-1.6782216945902222,-1.077227913138647,-1.493010414017115,-1.6146605183797553,1.1946313242375104,0.6486765356490398
-1.6576552656003125,-1.0929825071237524,-1.5014534366196828,-1.5959127110930906,1.179928037744836,0.6438248656242115
-1.6367740903679433,-1.1062359487276254,-1.5079943757525736,-1.5740289587708973,1.1646303174659118,0.640345196746792
-1.6183785810928735,-1.1156136808996897,-1.5125086546119977,-1.5550781364889523,1.1506691903986814,0.635893452451076
-1.5980645670097025,-1.1243553171703011,-1.516043446648455,-1.529634463391163,1.1346619906468853,0.6344964080667679
-1.5773357009043012,-1.1370620895629437,-1.524651974626268,-1.511062446664492,1.119690888486781,0.6291139220983056
-1.5557943065074986,-1.148445048544644,-1.532245965499297,-1.4892440351277991,1.1035525505779737,0.625087349299551
-1.5354700652871272,-1.1558772633657326,-1.5367824173976108,-1.4645508612770033,1.0876048967299081,0.6235847538425613
-1.5137140733063457,-1.166283600824042,-1.5449639791558087,-1.4415949825683858,1.071291476102388,0.6205638859844353
-1.4920806704119793,-1.1761625771269502,-1.5533995755605714,-1.4192385443269777,1.055015074288247,0.617147750239023
-1.470488067158237,-1.1855880503736742,-1.562042600530568,-1.397133349388408,1.0387193831849737,0.6135889388194397
-1.4463680135278005,-1.1991873815311778,-1.5757433652650703,-1.374230964517487,1.0211876148953403,0.6099623043560174
-1.4251909067610455,-1.205443714092136,-1.5827970148156554,-1.3497767145394322,1.0045720128840918,0.6080371680884484
-1.4037799181622117,-1.2133717612727786,-1.592102028762468,-1.327531679860315,0.9883111103056097,0.6048483020591822
-1.3805045610731705,-1.2252042322580936,-1.606191970516756,-1.3062866162029736,0.9713122621445602,0.6004276702360418
-1.3593631550779919,-1.2306907809344187,-1.6142701218758015,-1.2820674715339202,0.9546099459324643,0.5986254689166736
-1.338519183679178,-1.2375342294001412,-1.6240265908556166,-1.2608660113838845,0.9387743770339714,0.5952619287570137
-1.3158286385289097,-1.248176718788806,-1.6384747772273782,-1.2403755643409577,0.9220654419504504,0.5907585957825632
-1.2950500971726229,-1.2529472636433783,-1.6472183525202069,-1.216678359883983,0.9055794854753086,0.5892027497962967
-1.272941557348437,-1.26248982574682,-1.6616816066759064,-1.1959641845526134,0.8892800992989257,0.5854654093794186
-1.2516346992501477,-1.2657233307762104,-1.6690064179612758,-1.1744158139143028,0.8748695682557053,0.5821501590485115
-1.231933990512744,-1.275385942222187,-1.6842448196385384,-1.1550378510172137,0.8578999464270044,0.5791656882979118
-1.2122069851042512,-1.2791904994358516,-1.6934663211052101,-1.1326397533774757,0.8422143952901654,0.5779452223157957
-1.1930464741093116,-1.284348976770788,-1.7039993142717906,-1.1133387802984014,0.8275867482929959,0.575227778521777
-1.1721791193100846,-1.2928192002986878,-1.7190494850760174,-1.0940047358737564,0.8119320682217964,0.5717485955371627
-1.1502208955445166,-1.2969285208828487,-1.729123969709617,-1.0735710597683232,0.7991221626605147,0.5687425668423473
-1.1339107101258503,-1.3041673083155385,-1.7431061369840486,-1.0559243040256863,0.7825382440066041,0.5666739661852207
-1.1171186403933766,-1.3058487224679463,-1.7507466463909336,-1.0365217237546045,0.7691816676702652,0.5661132395687503
-1.099340742035503,-1.3104153407978223,-1.7619165002594575,-1.0184199742737785,0.7554192531726461,0.5642093089482279
-1.0831284485224224,-1.3160408225669684,-1.772869883442599,-1.0057477560828691,0.7435504094481724,0.5595540866287623
-1.0634545313070687,-1.3186715653103684,-1.7822636078668572,-0.9854419668006954,0.7306294150860432,0.5587675601066066
-1.0503278818651913,-1.3245974376371676,-1.7937940675492388,-0.9737015471604866,0.7182091556227737,0.555634911030341
-1.0344820332212719,-1.3283806704400298,-1.803603094375714,-0.9584987532717887,0.7056158682689523,0.5534396513192812
-1.0194918828781738,-1.3317891636406456,-1.8130192473858397,-0.943624507045095,0.693902130334781,0.5520290463124929
-1.0056690400372383,-1.333039146358526,-1.8197114631340212,-0.9286113294881758,0.682676980659189,0.5515589833741117
-0.9918383725416159,-1.3386245938967087,-1.83132520785684,-0.9169593525915765,0.6727650685211052,0.5493385454612926
-0.9792518978484613,-1.339058451948661,-1.8370921700228544,-0.9024458227864095,0.6621327355236155,0.5496194081727434
-0.9678068337225528,-1.3417570264655743,-1.8445814773438651,-0.891963469015994,0.6539783368823792,0.5484429200300287
-0.9563941058920341,-1.3442894355716088,-1.851889074444616,-0.8814734125250985,0.645199757941012,0.5471066138713647
-0.945251901891654,-1.3467921545384218,-1.859235387573476,-0.8710179740845527,0.6365168267792571,0.5460624726023401
-0.9345221623689866,-1.3492818835893485,-1.8666560173320483,-0.8606828743102319,0.6281337198722018,0.5453815338791109
-0.9254049778183949,-1.3531502700810905,-1.8742357491806834,-0.8548500111317058,0.6217565909917006,0.5426224512782852
-0.9146225967777676,-1.3532528769535033,-1.8802127343009973,-0.840417273508533,0.6115117439410286,0.5448452988221189
-0.9078050586138595,-1.3546747022588492,-1.8843621745099488,-0.8351012687567664,0.6079144359282499,0.5440290381198606
-0.8997457149130882,-1.358584725064787,-1.8919140043246518,-0.8300496906131248,0.6017552962212271,0.5414447575362095
-0.890591631703067,-1.356818086661968,-1.8933530510589915,-0.8202903074282549,0.5960810400337744,0.5421853337842122
-0.8857389776933072,-1.358849640929228,-1.8988618661283154,-0.8142290560995313,0.5897092342226382,0.5424278139538002
-0.8796136279644248,-1.3604390636616293,-1.9035463423717858,-0.8086359778047194,0.585685513287685,0.5423057641407988
-0.8771627776143605,-1.36330223403153,-1.9073521189493865,-0.8091862256145249,0.5844063647283072,0.5400181451396173
-0.8690145074113735,-1.3614500395319726,-1.9085679098618933,-0.8000043707456255,0.5788430453700287,0.5410871548591166
-0.8675912482155586,-1.364579147455262,-1.912561168686,-0.8010851564026521,0.5773673399087137,0.5389145041366474
-0.8591056110159181,-1.3634134885169868,-1.9158439920368642,-0.7897247723309142,0.5694488966734843,0.5410450660088825
-0.8591056110159181,-1.3634134885169868,-1.9158439920368642,-0.7897247723309142,0.5694488966734843,0.5410450660088825
-0.8575692759343444,-1.3666798103010698,-1.9199214809203733,-0.7911027989779494,0.5686189315291523,0.538785193812642
-0.8575692759343444,-1.3666798103010698,-1.9199214809203733,-0.7911027989779494,0.5686189315291523,0.538785193812642
-0.8452089089827111,-1.3663461544248867,-1.9258282530874038,-0.776828224457019,0.5601005744801286,0.5411464820677289
-0.8452089089827111,-1.3663461544248867,-1.9258282530874038,-0.776828224457019,0.5601005744801286,0.5411464820677289
-0.8452089089827111,-1.3663461544248867,-1.9258282530874038,-0.776828224457019,0.5601005744801286,0.5411464820677289
-0.8452089089827111,-1.3663461544248867,-1.9258282530874038,-0.776828224457019,0.5601005744801286,0.5411464820677289
-0.8452089089827111,-1.3663461544248867,-1.9258282530874038,-0.776828224457019,0.5601005744801286,0.5411464820677289
-0.8452089089827111,-1.3663461544248867,-1.9258282530874038,-0.776828224457019,0.5601005744801286,0.5411464820677289
-0.8452089089827111,-1.3663461544248867,-1.9258282530874038,-0.776828224457019,0.5601005744801286,0.5411464820677289
-0.8452089089827111,-1.3663461544248867,-1.9258282530874038,-0.776828224457019,0.5601005744801286,0.5411464820677289
