-0.08361260080734781,0.16512738045066513,0.45153237019537396,-0.18761440264770451,0.9536097623937059,0.19208823158104985,-0.13612996831935986
-0.08361678125080656,0.16512825683718185,0.45153193289370497,-0.18761804308185323,0.9536079033907234,0.1920937235778763,-0.13613022391398302
-0.0836455412393974,0.16513428422891935,0.4515289237235134,-0.18764308780528022,0.9535951129455732,0.19213150567395298,-0.13613198262230367
-0.08372209068664464,0.16515031146085113,0.45152090846985365,-0.18770974664340212,0.9535610593452118,0.19223206080547522,-0.13613666630995175
-0.08386817367752898,0.1651808338104196,0.4515055889703788,-0.18783694758799127,0.9534960339936815,0.19242392217638374,-0.13614561488863036
-0.08410409977667448,0.16522995277066596,0.4514807823558483,-0.18804235872512837,0.953390908416241,0.19273369018886657,-0.13616009599191264
-0.08444877528099276,0.16530132436745965,0.45144439600961567,-0.1883424089746386,0.9532370841345247,0.1931860435757131,-0.13618131655958424
-0.08491973407726296,0.1653980997539406,0.4513943996908507,-0.18875230799729867,0.9530264378638459,0.1938037465211081,-0.1362104356964766
-0.08553316767638187,0.16552286142628472,0.4513287961323766,-0.18928606555461544,0.9527512642836584,0.19460765329868093,-0.1362485782323058
-0.08630395392422441,0.1656775580384621,0.45124559129550706,-0.1899565105654152,0.9524042184249035,0.19561671175481343,-0.13629684846868037
-0.08724568384311318,0.16586344044985704,0.45114276533975844,-0.19077531006102535,0.9519782595170648,0.19684796677301986,-0.136356343656273
-0.08837068604333795,0.16608100131852388,0.4510182452438227,-0.19175298820666734,0.9514665979359221,0.19831656468789374,-0.13642816680014597
-0.0896900481636741,0.16632992025431326,0.45086987989518357,-0.19289894552423806,0.9508626466924971,0.20003575946505225,-0.13651343844404595
-0.09121363485383017,0.16660901626957927,0.4506954183490557,-0.19422147842894802,0.9501599786999849,0.20201692133862517,-0.1366133071358044
-0.09295010189865095,0.16691620900960247,0.4504924918429123,-0.19572779917149324,0.9493522908527285,0.20426954848787734,-0.13672895832528908
-0.09490690620069404,0.16724849000865652,0.450258600040919,-0.19742405626572915,0.9484333757463503,0.20680128224931152,-0.1368616214941545
-0.09709031148027901,0.1676019049986936,0.44999110187338826,-0.19931535547091073,0.9473971016661563,0.20961792628651063,-0.1370125753623154
-0.09950538971516225,0.16797154809328857,0.44968721123026956,-0.2014057813933589,0.9462374012698077,0.2127234700843658,-0.13718315106002418
-0.10215601851994968,0.1683515684768913,0.44934399766506034,-0.20369841976960051,0.9449482691939519,0.2161201170876628,-0.13737473319623641
-0.1050448748520611,0.16873519004539878,0.4489583921668138,-0.20619538049364902,0.9435237686231817,0.21980831776752235,-0.1375887587937331
-0.10817342562018022,0.169114744265448,0.4485271979634854,-0.20889782145288363,0.9419580466757672,0.22378680786788474,-0.13782671409895406
-0.11154191595623963,0.16948171634367587,0.44804710623024635,-0.21180597323973108,0.9402453582855311,0.2280526520558246,-0.13809012930976816
-0.11514935608675814,0.16982680462081687,0.4475147164919083,-0.2149191648096596,0.9383800980944029,0.23260129317206835,-0.1383805712971971
-0.1189935078976407,0.17013999292690607,0.44692656142983045,-0.21823585015768843,0.9363568397181629,0.2374266072466795,-0.138699634427408
-0.12307087242253549,0.17041063545155505,0.44627913573099975,-0.22175363608813062,0.934170381608395,0.24252096441211315,-0.139048929618092
-0.12737667959320367,0.17062755349681272,0.4455689285509079,-0.2254693111508146,0.9318157986107709,0.2478752958034828,-0.1394300717882782
-0.13190488166625527,0.1707791432898022,0.4447924591028885,-0.22937887581597977,0.9292884982119712,0.2534791664898726,-0.13984466588302905
-0.1366481517800061,0.1708534938395903,0.44394631483520725,-0.23347757395422347,0.9265842803790572,0.2593208544229424,-0.14029429167371762
-0.14159788909482846,0.17083851362989205,0.44302719161394083,-0.2377599256818635,0.9236993998240963,0.26538743532657083,-0.14078048755116637
-0.14674423192790984,0.17072206474957116,0.442031935295005,-0.24221976162114037,0.920630629477197,0.2716648733774334,-0.14130473354223133
-0.15207608020757804,0.17049210288064048,0.44095758404305335,-0.24685025861256388,0.917375323921183,0.2781381174473882,-0.14186843379074043
-0.15758112844321107,0.17013682139343722,0.439801410738812,-0.25164397690118534,0.913931481532962,0.2847912025920984,-0.1424728987508411
-0.16324591023546065,0.1696447976462909,0.4385609648099935,-0.25659289880064357,0.9102978040899123,0.29160735637940927,-0.1431193273446272
-0.1690558551405611,0.16900513945798912,0.43723411282461855,-0.2616884688186055,0.9064737526344395,0.29856910955714555,-0.1438087893366184
-0.17499535845572178,0.16820762962145036,0.43581907719935703,-0.266921635205144,0.9024595984457119,0.3056584104658612,-0.14454220817498098
-0.18104786421515034,0.1672428662617442,0.43431447239948306,-0.2722828928618896,0.8982564680439211,0.3128567425096743,-0.1453203445435503
-0.18719596138448252,0.1661023968159568,0.43271933804099844,-0.277762327524941,0.893866381248055,0.32014524391044624,-0.14614378085965585
-0.19342149292278674,0.16477884343058027,0.4310331683490885,-0.283349661108939,0.8892922814217269,0.32750482888969346,-0.14701290694058822
-0.19970567705421977,0.16326601763722987,0.42925593747982416,-0.289034298074471,0.8845380571707327,0.3349163093521433,-0.14792790704651673
-0.20602923976494203,0.16155902228139798,0.4273881202731727,-0.29480537265568396,0.8796085548992228,0.34236051608588913,-0.1488887484897626
-0.2123725572245107,0.15965433884196426,0.4254307080740466,-0.3006517967609869,0.8745095817854758,0.3498184184500485,-0.14989517197991825
-0.21871580653427175,0.1575498984900081,0.4233852193331862,-0.3065623083373826,0.8692478989004728,0.3572712414933079,-0.15094668385161514
-0.22503912293759398,0.1552451354911628,0.42125370477990387,-0.3125255199686693,0.8638312043598241,0.36470057943707124,-0.15204255029705743
-0.23132276139693211,0.15274102185161847,0.41903874704265714,-0.3185299674597713,0.8582681065689501,0.3720885044660346,-0.15318179369904275
-0.23754726025850068,0.15004008243772712,0.4167434546795963,-0.32456415814532774,0.852568087788444,0.37941766979872044,-0.1543631911327305
-0.243693604593407,0.1471463901552789,0.4143714506679334,-0.3306166186490992,0.846741458409273,0.38667140605886474,-0.1555852750758699
-0.2497433867294969,0.14406554114804626,0.41192685548661434,-0.33667594181365496,0.8407993024811903,0.39383381003697526,-0.15684633633844336
-0.25567896147425073,0.1408046103563451,0.4094142650095995,-0.342730832516674,0.8347534151798721,0.4008898250179211,-0.1581444291939122
-0.2614835935771962,0.13737208815480897,0.4068387235054204,-0.3487701520911018,0.8286162330260498,0.40782531195342336,-0.15947737866594697
-0.2671415950898844,0.1337777991537897,0.40420569211104934,-0.3547829610718409,0.8224007577803177,0.4146271108761778,-0.16084278989724546
-0.27263845044984814,0.1300328045904799,0.40152101321296846,-0.36075856000178064,0.8161204750279296,0.42128309208287873,-0.16223805950120615
-0.2779609273375353,0.12614929004432174,0.39879087122444457,-0.36668652804386354,0.8097892685379173,0.4277821967527116,-0.1636603887731725
-0.28309717162562925,0.12214044047781362,0.39602175029423026,-0.3725567591644684,0.8034213315279166,0.4341144668143267,-0.16510679861620062
-0.2880367850504816,0.11802030482106808,0.39322038951743876,-0.3783594956755446,0.7970310759904388,0.4402710640234376,-0.16657414601714465
-0.29277088457645384,0.11380365248065438,0.39039373624349083,-0.38408535894925394,0.7906330412368636,0.4462442783629595,-0.16805914189264506
-0.29729214278569654,0.1095058242563848,0.3875488980885358,-0.3897253771477451,0.7842418027939757,0.4520275260231812,-0.16955837011148958
-0.30159480899775626,0.10514258019178867,0.3846930942604933,-0.39527100984303576,0.7778718827439431,0.45761533735935356,-0.17106830749015128
-0.3056747111946878,0.10072994686501119,0.38183360679408784,-0.40071416943648147,0.7715376625346201,0.4630033353543618,-0.17258534455214314
-0.3095292391877243,0.09628406654873771,0.37897773227143133,-0.4060472393234407,0.7652532992049805,0.4681882052322481,-0.1741058068391499
-0.3131573098013096,0.0918210505342024,0.3761327345715695,-0.41126308878653584,0.7590326458719895,0.473167655972673,-0.17562597656283954
-0.3165593151607757,0.08735683873087392,0.37330579915093454,-0.4163550846391323,0.752889177213769,0.47794037456436833,-0.17714211439063887
-0.31973705544375486,0.08290706742674786,0.3705039893069501,-0.42131709967908587,0.7468359205619656,0.48250597390641775,-0.17865048116639348
-0.3226936576867515,0.07848694683229106,0.3677342048204752,-0.4261435180512663,0.7408853930863815,0.48686493531918,-0.18014735937775683
-0.32543348242295433,0.07411114974255047,0.3650031433107275,-0.43082923765382614,0.7350495454220195,0.49101854666029227,-0.18162907419551488
-0.32796202006293174,0.06979371234587886,0.3623172645703753,-0.435369669759608,0.7293397119528165,0.49496883705782085,-0.18309201392638882
-0.3302857790156405,0.06554794789322074,0.359682758080101,-0.4397607360571584,0.7237665678338132,0.49871850927040967,-0.18453264973881683
-0.3324121675841378,0.06138637362779234,0.3571055138327147,-0.4439988633474804,0.7183400927042003,0.5022708706664307,-0.1859475545411981
-0.33434937166101997,0.05732065106962123,0.35459109652831905,-0.4480809761609353,0.7130695409220031,0.5056297637807143,-0.18733342091310382
-0.33610623019673713,0.05336153946019037,0.3521447231354904,-0.45200448758412454,0.707963418038238,0.5087994973609762,-0.18868707801183943
-0.3376921103244154,0.04951886190590263,0.34977124375029206,-0.4557672886083384,0.7030294631266447,0.5117847787581873,-0.19000550739886077
-0.33911678390343564,0.04580148352053715,0.34747512562632493,-0.4593677363293551,0.6982746364956453,0.5145906484482485,-0.191285857752552
-0.3403903070969702,0.04221730066040781,0.345260440195963,-0.46280464134244503,0.6937051122335971,0.5172224173984556,-0.1925254584551378
-0.34152290443255645,0.03877324017443713,0.3431308528562834,-0.46607725468662453,0.6893262749768622,0.519685607913977,-0.19372183206180654
-0.3425248586160602,0.0354752674564025,0.34108961525363235,-0.46918525469828576,0.6851427202433621,0.5219858985189094,-0.19487270567895756
-0.34340640718436244,0.03232840198871752,0.33913955976876087,-0.47212873413555273,0.6811582576429922,0.5241290733450987,-0.1959760212952894
-0.34417764689653874,0.029336739005712105,0.3372830958803497,-0.47490818793267275,0.6773759162582216,0.526120976422805,-0.19702994512447675
-0.34484844658235564,0.026503475877998846,0.33552220806859123,-0.4775245019362489,0.6737979514857777,0.5279674711904394,-0.1980328760304193
-0.34542836899487783,0.023830941826007684,0.33385845491236804,-0.47997894296444454,0.6704258526398064,0.5296744054689858,-0.19898345311608126
-0.34592660205427456,0.021320629607336487,0.33229296903317485,-0.4822731505143928,0.6672603506402038,0.5312475820797139,-0.1998805625639766
-0.3463518997249545,0.018973227886093843,0.3308264575460423,-0.48440913042387296,0.6643014251433719,0.5326927352234196,-0.20072334382095192
-0.3467125326393558,0.016788653079376815,0.32945920269179163,-0.48638925076874445,0.6615483105183083,0.5340155126842825,-0.20151119522134306
-0.34701624846946344,0.014766079582986777,0.3281910623454962,-0.48821624025110893,0.6589995001229034,0.5352214638736955,-0.2022437791422354
-0.3472702419508783,0.012903967401792818,0.32702147012232596,-0.489893189299468,0.656652748399664,0.5363160336848775,-0.20292102678057933
-0.3474811343825159,0.011200086346353421,0.32594943483326394,-0.49142355406847815,0.6545050703756865,0.5373045620917172,-0.20354314263725823
-0.34765496235552507,0.009651536103116892,0.3249735390786903,-0.4928111634840922,0.6525527382288467,0.5381922893881421,-0.204110608785139
-0.347797175404765,0.008254761637561987,0.32409193680662696,-0.49406022943799327,0.6507912746584205,0.5389843669312828,-0.2046241889900363
-0.3479126422215777,0.007005563544987755,0.32330234970356453,-0.4951753601869057,0.6492154428815372,0.5396858732165662,-0.20508493274341263
-0.3480056650136418,0.005899103119408544,0.3226020623282526,-0.49616157696230145,0.6478192331592821,0.5403018350766466,-0.20549417925578797
-0.3480800015420086,0.00492990206457092,0.3219879159416217,-0.49702433374034494,0.6465958458423002,0.5408372537539268,-0.20585356144929104
-0.3481388943025235,0.0040918369197249305,0.32145630102802364,-0.49776954006447016,0.645537671008846,0.5412971355485053,-0.20616500997857015
-0.34818510624422955,0.0033781284141732,0.3210031485431887,-0.49840358675110924,0.6446362648511238,0.5416865266854969,-0.20643075730090213
-0.34822096232668326,0.0027813260962472543,0.32062391996168876,-0.49893337424390344,0.6438823230458338,0.5420105519761806,-0.20665334180982842
-0.34824839610736735,0.002293288702131339,0.32031359623023575,-0.4993663433127454,0.6432656514216873,0.5422744567639108,-0.20683561204225692
-0.3482690004160526,0.0019051608357055977,0.3200666657619509,-0.49971050772244885,0.6427751343077331,0.5424836515467454,-0.20698073096778216
-0.3482840810120723,0.0016073466206780744,0.31987711163008636,-0.4999744884209632,0.6423987010117646,0.5426437585523177,-0.20709218037098287
-0.348294711931007,0.0013894810593180135,0.31973839813692345,-0.5001675487168106,0.6421232909401885,0.5427606594040252,-0.2071737653422044
-0.34830179100790354,0.0012403998875996237,0.31964345694451524,-0.5002996298357048,0.6419348179207662,0.542840542863949,-0.20722961890246916
-0.34830609381480915,0.0011481087547290385,0.3195846729585577,-0.5003813861581818,0.6418181343402262,0.5428899514616653,-0.20726420679991675
-0.34830832397194433,0.0010997525776832453,0.31955387015558134,-0.5004242193537334,0.6417569957458865,0.5429158256260089,-0.20728233253282766
-0.3483091574865324,0.0010815859317615962,0.3195422975379115,-0.5004403105280159,0.6417340266057573,0.5429255437217371,-0.20728914267139162
-0.3483092784445764,0.0010789453420142084,0.31954061539225204,-0.5004426494064902,0.6417306879507519,0.5429269561687936,-0.2072901325740239
