0.006092548370361328
0.026008129119873047
0.00339508056640625
0.01462864875793457
0.011087179183959961
0.006037473678588867
0.006037712097167969
0.01545405387878418
0.015576839447021484
0.013580083847045898
0.015743732452392578
0.016004323959350586
0.015575170516967773
0.015772342681884766
0.026239395141601562
0.015908002853393555
0.014337301254272461
0.015587806701660156
0.010009050369262695
0.021928071975708008
0.011542081832885742
0.019520282745361328
0.015007495880126953
0.026108980178833008
0.017111778259277344
0.026133060455322266
0.01600480079650879
0.016925573348999023
0.010993003845214844
0.016009807586669922
0.021219253540039062
0.015605688095092773
0.016109943389892578
0.03172779083251953
0.010520458221435547
0.02573537826538086
0.020522594451904297
0.015779495239257812
0.02162623405456543
0.03172183036804199
0.01600480079650879
0.021608591079711914
0.01600480079650879
0.006608247756958008
0.020180225372314453
0.01608133316040039
0.021693706512451172
0.025729894638061523
0.016049623489379883
0.015723466873168945
0.011004447937011719
0.015650272369384766
0.021211624145507812
0.03173255920410156
0.010525703430175781
0.015508890151977539
0.016072511672973633
0.0317080020904541
0.02210855484008789
0.02572917938232422
0.017096996307373047
0.01600480079650879
0.015722990036010742
0.0160064697265625
0.01607203483581543
0.018090248107910156
0.020704269409179688
0.020696163177490234
0.015687942504882812
0.03222846984863281
0.031273603439331055
0.005506038665771484
0.02572154998779297
0.011506319046020508
0.02005743980407715
0.016004085540771484
0.016004085540771484
0.016096830368041992
0.009563207626342773
0.015746593475341797
0.020538806915283203
0.025753498077392578
0.010519981384277344
0.02560877799987793
0.016016244888305664
0.016008615493774414
0.021607160568237305
0.01600503921508789
0.012536048889160156
0.02559661865234375
0.016061782836914062
0.015715599060058594
0.025724172592163086
0.015436410903930664
0.016093730926513672
0.016004323959350586
0.010043144226074219
0.016129016876220703
0.015557050704956055
0.00708317756652832
0.015507936477661133
