0.0
0.0
0.007005453109741211
0.0
0.004518032073974609
0.006123065948486328
0.0
0.0025033950805664062
0.0
0.0
0.0
0.005004405975341797
0.01000213623046875
0.0
0.015713930130004883
0.005505800247192383
0.0
0.0
0.002540111541748047
0.006028890609741211
0.0
0.0
0.005004405975341797
0.004987955093383789
0.004134178161621094
0.01633143424987793
0.016890287399291992
0.01566171646118164
0.004988431930541992
0.01000356674194336
0.010650157928466797
0.0
0.0054531097412109375
0.006537675857543945
0.006037235260009766
0.0
0.0
0.009125709533691406
0.007540464401245117
0.008538961410522461
0.008624076843261719
0.0060367584228515625
0.0
0.0
0.0
0.010035991668701172
0.008538246154785156
0.008537530899047852
0.016094207763671875
0.007402181625366211
0.011757373809814453
0.013640403747558594
0.016596078872680664
0.0021963119506835938
0.0
0.0
0.01011800765991211
0.015245914459228516
0.015625476837158203
0.005097389221191406
0.0060367584228515625
0.0071675777435302734
0.010079622268676758
0.0
0.010038614273071289
0.010036706924438477
0.005541086196899414
0.006037235260009766
0.006035804748535156
0.0
0.0
0.0
0.010118722915649414
0.010038137435913086
0.010036706924438477
0.015626907348632812
0.006037712097167969
0.006978511810302734
0.010118961334228516
0.0
0.0
0.015732288360595703
0.0157315731048584
0.011185646057128906
0.00561213493347168
0.006036520004272461
0.005541324615478516
0.0060367584228515625
0.0
0.005040884017944336
0.0
0.0
0.01012277603149414
0.0
0.008623600006103516
0.0
0.01003575325012207
0.010040521621704102
0.010635137557983398
0.010036945343017578
0.010036468505859375
