-0.08361260080734781,0.16512738045066513,0.45153237019537396,-0.18761440264770451,0.9536097623937059,0.19208823158104985,-0.13612996831935986
-0.08361678125080656,0.16512825683718185,0.45153193289370497,-0.18761804308185323,0.9536079033907234,0.1920937235778763,-0.13613022391398302
-0.0836455412393974,0.16513428422891935,0.4515289237235134,-0.18764308780528022,0.9535951129455732,0.19213150567395298,-0.13613198262230367
-0.08372209068664464,0.16515031146085113,0.45152090846985365,-0.18770974664340212,0.9535610593452118,0.19223206080547522,-0.13613666630995175
-0.08386817367752898,0.1651808338104196,0.4515055889703788,-0.18783694758799127,0.9534960339936815,0.19242392217638374,-0.13614561488863036
-0.08410409977667448,0.16522995277066596,0.4514807823558483,-0.18804235872512837,0.953390908416241,0.19273369018886657,-0.13616009599191264
-0.08444877528099276,0.16530132436745965,0.45144439600961567,-0.1883424089746386,0.9532370841345247,0.1931860435757131,-0.13618131655958424
-0.0849197340772629,0.16539809975394065,0.4513943996908508,-0.18875230799729872,0.953026437863846,0.19380374652110804,-0.1362104356964765
-0.08553316767638187,0.16552286142628495,0.45132879613237664,-0.189286065554615,0.9527512642836586,0.19460765329868077,-0.13624857823230535
-0.08630395392422434,0.16567755803846218,0.4512455912955069,-0.18995651056546134,0.9524042184248794,0.19561671175488357,-0.13629684846868323
-0.08724568384311311,0.16586344044985699,0.4511427653397583,-0.19077531006103315,0.9519782595170607,0.19684796677303207,-0.1363563436562731
-0.08837068604333795,0.16608100131852382,0.4510182452438228,-0.1917529882066432,0.9514665979359348,0.19831656468785763,-0.13642816680014413
-0.08969004816367403,0.16632992025431315,0.4508698798951834,-0.1928989455242413,0.9508626466924953,0.2000357594650572,-0.13651343844404604
-0.09121363485383026,0.16660901626957927,0.4506954183490556,-0.19422147842895135,0.9501599786999831,0.2020169213386301,-0.13661330713580494
-0.09295010189865104,0.16691620900960255,0.4504924918429122,-0.19572779917149644,0.9493522908527268,0.20426954848788237,-0.13672895832528914
-0.09490690620069404,0.16724849000865658,0.45025860004091905,-0.1974240562657326,0.9484333757463485,0.20680128224931646,-0.13686162149415496
-0.0970903114802789,0.16760190499869337,0.4499911018733883,-0.19931535547091395,0.9473971016661545,0.20961792628651565,-0.1370125753623155
-0.09950538971516222,0.1679715480932886,0.4496872112302695,-0.20140578139336207,0.9462374012698059,0.21272347008437067,-0.13718315106002424
-0.1021560185199497,0.16835156847689145,0.44934399766506056,-0.2036984197696039,0.94494826919395,0.21612011708766743,-0.13737473319623722
-0.10504487485206122,0.1687351900453988,0.448958392166814,-0.20619538049365252,0.9435237686231797,0.219808317767527,-0.13758875879373395
-0.10817342562018027,0.1691147442654481,0.44852719796348545,-0.20889782145288702,0.9419580466757652,0.22378680786788963,-0.13782671409895444
-0.11154191595623954,0.16948171634367581,0.4480471062302465,-0.21180597323974526,0.9402453582855227,0.22805265205584552,-0.13809012930976952
-0.11514935608675815,0.16982680462081684,0.4475147164919084,-0.21491916480966358,0.9383800980944005,0.23260129317207437,-0.13838057129719744
-0.11899350789764077,0.17013999292690618,0.44692656142983034,-0.21823585015769265,0.9363568397181603,0.2374266072466853,-0.1386996344274086
-0.12307087242253541,0.17041063545155485,0.44627913573099953,-0.22175363608811643,0.9341703816084039,0.24252096441209303,-0.13904892961809004
-0.1273766795932036,0.17062755349681266,0.44556892855090796,-0.22546931115081753,0.9318157986107689,0.24787529580348722,-0.13943007178827815
-0.1319048816662552,0.17077914328980215,0.4447924591028885,-0.2293788758159747,0.9292884982119746,0.25347916648986524,-0.13984466588302835
-0.1366481517800062,0.1708534938395902,0.44394631483520697,-0.23347757395422586,0.9265842803790553,0.25932085442294633,-0.1402942916737177
-0.1415978890948284,0.17083851362989189,0.44302719161394094,-0.23775992568186635,0.9236993998240944,0.2653874353265745,-0.14078048755116723
-0.14674423192790984,0.17072206474957116,0.44203193529500484,-0.24221976162113582,0.9206306294772002,0.2716648733774271,-0.14130473354223064
-0.15207608020757804,0.17049210288064043,0.4409575840430536,-0.24685025861255958,0.9173753239211861,0.2781381174473819,-0.14186843379074016
-0.15758112844321093,0.17013682139343708,0.4398014107388123,-0.2516439769011876,0.9139314815329602,0.2847912025921015,-0.1424728987508416
-0.1632459102354606,0.16964479764629087,0.4385609648099934,-0.25659289880064584,0.9102978040899106,0.29160735637941254,-0.14311932734462718
-0.16905585514056107,0.16900513945798917,0.4372341128246186,-0.26168846881861413,0.9064737526344329,0.2985691095571574,-0.14380878933661967
-0.1749953584557218,0.1682076296214504,0.43581907719935714,-0.2669216352051466,0.90245959844571,0.3056584104658645,-0.14454220817498153
-0.1810478642151503,0.16724286626174434,0.43431447239948323,-0.2722828928618921,0.8982564680439191,0.3128567425096777,-0.14532034454355083
-0.18719596138448266,0.16610239681595695,0.4327193380409986,-0.27776232752493785,0.8938663812480576,0.3201452439104417,-0.14614378085965574
-0.1934214929227868,0.16477884343058036,0.4310331683490885,-0.2833496611089355,0.8892922814217298,0.3275048288896893,-0.1470129069405875
-0.1997056770542198,0.16326601763722992,0.4292559374798241,-0.28903429807447323,0.8845380571707308,0.33491630935214645,-0.14792790704651704
-0.20602923976494186,0.16155902228139798,0.42738812027317263,-0.2948053726556863,0.879608554899221,0.34236051608589213,-0.1488887484897628
-0.2123725572245106,0.15965433884196414,0.42543070807404665,-0.30065179676098375,0.8745095817854786,0.3498184184500445,-0.1498951719799175
-0.2187158065342717,0.157549898490008,0.42338521933318635,-0.30656230833739034,0.8692478989004657,0.35727124149331774,-0.1509466838516167
-0.22503912293759384,0.1552451354911627,0.42125370477990387,-0.31252551996867134,0.863831204359822,0.36470057943707446,-0.15204255029705777
-0.23132276139693198,0.1527410218516186,0.4190387470426573,-0.3185299674597739,0.8582681065689478,0.3720885044660375,-0.15318179369904317
-0.23754726025850073,0.1500400824377271,0.41674345467959645,-0.3245641581453303,0.8525680877884416,0.37941766979872343,-0.15436319113273125
-0.24369360459340697,0.1471463901552788,0.4143714506679333,-0.33061661864910186,0.8467414584092704,0.3866714060588678,-0.15558527507587055
-0.24974338672949684,0.14406554114804634,0.4119268554866143,-0.3366759418136521,0.8407993024811931,0.393833810036972,-0.15684633633844244
-0.25567896147425073,0.140804610356345,0.4094142650095993,-0.34273083251668185,0.8347534151798641,0.4008898250179303,-0.15814442919391367
-0.2614835935771961,0.13737208815480892,0.4068387235054208,-0.3487701520911046,0.8286162330260471,0.407825311953426,-0.15947737866594805
-0.26714159508988444,0.13377779915378976,0.4042056921110491,-0.35478296107183793,0.8224007577803208,0.41462711087617465,-0.16084278989724432
-0.2726384504498482,0.13003280459047997,0.4015210132129685,-0.36075856000178314,0.816120475027927,0.4212830920828814,-0.162238059501207
-0.2779609273375353,0.12614929004432168,0.39879087122444445,-0.3666865280438714,0.8097892685379088,0.4277821967527204,-0.1636603887731743
-0.28309717162562925,0.12214044047781353,0.39602175029423026,-0.37255675916446523,0.8034213315279201,0.4341144668143235,-0.16510679861619965
-0.2880367850504817,0.11802030482106816,0.39322038951743915,-0.3783594956755475,0.797031075990436,0.4402710640234401,-0.1665741460171457
-0.29277088457645367,0.11380365248065441,0.39039373624349116,-0.3840853589492567,0.7906330412368606,0.44624427836296193,-0.16805914189264615
-0.2972921427856965,0.10950582425638486,0.3875488980885358,-0.38972537714774785,0.7842418027939726,0.45202752602318413,-0.1695583701114901
-0.30159480899775615,0.10514258019178874,0.3846930942604932,-0.3952710098430324,0.7778718827439468,0.4576153373593506,-0.17106830749015012
-0.3056747111946878,0.10072994686501119,0.3818336067940881,-0.40071416943647836,0.7715376625346239,0.4630033353543584,-0.1725853445521425
-0.3095292391877242,0.09628406654873757,0.3789777322714316,-0.4060472393234376,0.7652532992049844,0.4681882052322447,-0.17410580683914925
-0.3131573098013095,0.09182105053420248,0.3761327345715696,-0.4112630887865389,0.7590326458719859,0.4731676559726758,-0.17562597656284037
-0.3165593151607756,0.08735683873087383,0.3733057991509342,-0.4163550846391285,0.7528891772137731,0.4779403745643657,-0.17714211439063732
-0.3197370554437547,0.08290706742674775,0.37050398930695017,-0.4213170996790825,0.7468359205619698,0.4825059739064147,-0.17865048116639226
-0.3226936576867515,0.0784869468322911,0.3677342048204751,-0.4261435180512564,0.740885393086394,0.48686493531917097,-0.1801473593777533
-0.32543348242295445,0.07411114974255041,0.36500314331072764,-0.4308292376538232,0.7350495454220235,0.49101854666028916,-0.18162907419551413
-0.3279620200629317,0.06979371234587901,0.3623172645703755,-0.4353696697595976,0.7293397119528294,0.494968837057812,-0.18309201392638558
-0.33028577901564066,0.06554794789322108,0.35968275808010125,-0.4397607360571557,0.7237665678338169,0.49871850927040706,-0.18453264973881608
-0.3324121675841377,0.061386373627792264,0.35710551383271505,-0.4439988633474775,0.718340092704204,0.5022708706664284,-0.18594755454119746
-0.33434937166101975,0.057320651069621156,0.3545910965283193,-0.44808097616093256,0.7130695409220069,0.5056297637807114,-0.18733342091310343
-0.33610623019673697,0.053361539460190274,0.3521447231354903,-0.45200448758412987,0.7079634180382312,0.5087994973609806,-0.18868707801184076
-0.3376921103244154,0.04951886190590273,0.3497712437502921,-0.4557672886083434,0.7030294631266379,0.5117847787581914,-0.19000550739886257
-0.33911678390343547,0.04580148352053716,0.34747512562632504,-0.4593677363293603,0.6982746364956385,0.5145906484482525,-0.1912858577525537
-0.34039030709697005,0.042217300660407756,0.3452604401959631,-0.4628046413424501,0.6937051122335904,0.5172224173984595,-0.19252545845513963
-0.34152290443255634,0.03877324017443731,0.34313085285628353,-0.46607725468662975,0.6893262749768553,0.5196856079139809,-0.19372183206180835
-0.3425248586160601,0.0354752674564026,0.3410896152536323,-0.46918525469828054,0.685142720243369,0.5219858985189056,-0.19487270567895576
-0.343406407184362,0.03232840198871754,0.33913955976876115,-0.4721287341355584,0.6811582576429847,0.5241290733451027,-0.1959760212952915
-0.34417764689653857,0.029336739005712018,0.3372830958803499,-0.47490818793266715,0.6773759162582295,0.5261209764228008,-0.19702994512447447
-0.34484844658235553,0.026503475877998894,0.3355222080685915,-0.4775245019362553,0.673797951485769,0.5279674711904437,-0.19803287603042183
-0.34542836899487755,0.023830941826007743,0.3338584549123679,-0.47997894296445065,0.6704258526397976,0.5296744054689905,-0.19898345311608323
-0.3459266020542745,0.02132062960733651,0.33229296903317507,-0.48227315051441283,0.6672603506401761,0.5312475820797274,-0.19988056256398465
-0.3463518997249545,0.01897322788609388,0.33082645754604245,-0.48440913042387834,0.6643014251433645,0.5326927352234231,-0.20072334382095397
-0.3467125326393556,0.016788653079376662,0.32945920269179174,-0.48638925076874967,0.661548310518301,0.534015512684286,-0.20151119522134525
-0.34701624846946316,0.014766079582986794,0.3281910623454965,-0.4882162402510972,0.65899950012292,0.5352214638736877,-0.20224377914223093
-0.3472702419508782,0.012903967401793002,0.3270214701223263,-0.4898931892994562,0.6566527483996805,0.5363160336848698,-0.20292102678057453
-0.3474811343825157,0.011200086346353454,0.3259494348332643,-0.4914235540684664,0.6545050703757033,0.5373045620917093,-0.2035431426372539
-0.3476549623555249,0.009651536103116982,0.32497353907869053,-0.4928111634841027,0.6525527382288315,0.5381922893881492,-0.2041106087851432
-0.3477971754047648,0.00825476163756176,0.32409193680662735,-0.49406022943797895,0.6507912746584404,0.5389843669312739,-0.20462418899003057
-0.3479126422215775,0.0070055635449875284,0.32330234970356486,-0.4951753601868914,0.6492154428815573,0.5396858732165576,-0.20508493274340678
-0.3480056650136417,0.005899103119408705,0.3226020623282528,-0.4961615769623186,0.6478192331592576,0.5403018350766575,-0.20549417925579502
-0.34808000154200847,0.004929902064571002,0.32198791594162235,-0.49702433374036253,0.6465958458422757,0.540837253753937,-0.20585356144929898
-0.3481388943025232,0.00409183691972471,0.3214563010280241,-0.4977695400644874,0.6455376710088213,0.5412971355485159,-0.20616500997857745
-0.34818510624422916,0.003378128414173241,0.3210031485431892,-0.49840358675112656,0.6446362648510993,0.5416865266855071,-0.20643075730091004
-0.34822096232668287,0.002781326096247406,0.32062391996168926,-0.4989333742439207,0.643882323045809,0.5420105519761911,-0.20665334180983616
-0.3482483961073672,0.0022932887021314768,0.3203135962302362,-0.49936634331269103,0.6432656514217647,0.5422744567638775,-0.20683561204223455
-0.3482690004160523,0.0019051608357057348,0.32006666576195153,-0.49971050772248465,0.6427751343076821,0.5424836515467669,-0.20698073096779757
-0.3482840810120723,0.001607346620678073,0.3198771116300865,-0.49997448842088144,0.6423987010118811,0.542643758552268,-0.20709218037094862
-0.3482947119310067,0.0013894810593182776,0.31973839813692423,-0.5001675487168895,0.642123290940076,0.5427606594040726,-0.20717376534223822
-0.34830179100790326,0.0012403998875998045,0.319643456944516,-0.5002996298357835,0.6419348179206538,0.5428405428639964,-0.20722961890250322
-0.3483060938148087,0.0011481087547291638,0.3195846729585584,-0.5003813861582609,0.6418181343401138,0.5428899514617124,-0.20726420679995095
-0.34830832397194395,0.001099752577683398,0.3195538701555819,-0.5004242193530886,0.6417569957468071,0.542915825625619,-0.20728233253255518
-0.34830915748653224,0.0010815859317618297,0.319542297537912,-0.5004403105273709,0.6417340266066779,0.5429255437213474,-0.20728914267111903
-0.3483092784445761,0.0010789453420142296,0.31954061539225276,-0.5004426494190993,0.6417306879327532,0.5429269561764075,-0.20729013257936107
