0.015768051147460938
0.007017850875854492
0.0
0.013948917388916016
0.006023406982421875
0.0
0.005581855773925781
0.01574397087097168
0.005986452102661133
0.0024178028106689453
0.00558781623840332
0.0
0.0
0.0
0.005541086196899414
0.005540370941162109
0.006110429763793945
0.0
0.0
0.0
0.008668661117553711
0.018359899520874023
0.007048130035400391
0.00862741470336914
0.010036706924438477
0.005984306335449219
0.0
0.0
0.004163503646850586
0.006983757019042969
0.0
0.005506038665771484
0.008059024810791016
0.006980180740356445
0.019692659378051758
0.0055408477783203125
0.005609989166259766
0.01067662239074707
0.007695674896240234
0.07124543190002441
0.016197919845581055
0.009596109390258789
0.007567167282104492
0.007598400115966797
0.010751962661743164
0.007639408111572266
0.007564544677734375
0.004094839096069336
0.0006887912750244141
0.006994724273681641
0.006960630416870117
0.0
0.016890764236450195
0.013634920120239258
0.0022776126861572266
0.0
0.0
