-1.9198621771937625,-0.9599310885968813,-1.4835298641951802,-1.8325957145940461,1.3962634015954636,0.7853981633974483
-1.9198535809251582,-0.9599379656149819,-1.483535021954626,-1.8325793816845861,1.3962565245819465,0.78538269012381
-1.919794441663751,-0.959985277021158,-1.4835705055130357,-1.8324670170871173,1.3962092131715738,0.7852762394442889
-1.9196370333854513,-0.9601112036435407,-1.4836649504801602,-1.832167941358261,1.3960832865488204,0.7849929045425277
-1.9193366459896253,-0.9603515135602115,-1.4838451829176489,-1.8315972053061977,1.395842976632165,0.7844522072300796
-1.9188515224737757,-0.9607396123728644,-1.4841362570271726,-1.8306754706260757,1.3954548778194735,0.7835789849014675
-1.9181427961008282,-0.9613065934712403,-1.484561492850932,-1.829328890517479,1.3948878967211222,0.7823032774302126
-1.9171744275670297,-0.9620812882982833,-1.4851425139712067,-1.8274889903032685,1.3941132018940876,0.7805602140694029
-1.9159131421701827,-0.9630903166157323,-1.485899285209329,-1.825092548049254,1.3931041735765985,0.7782899003549959
-1.914328366977801,-0.9643581367696216,-1.4868501503247635,-1.8220814751837298,1.3918363534226876,0.7754373050086708
-1.9123921679952258,-0.9659070959557139,-1.4880118697142926,-1.818402697116845,1.3902873942366405,0.7719521468401289
-1.910079187333703,-0.9677574804849114,-1.4893996581112154,-1.8140080338599498,1.3884370097074152,0.7677887816493364
-1.907366580378695,-0.9699275660489269,-1.4910272222842127,-1.8088540806454434,1.386266924143415,0.762906089130365
-1.9042339529578791,-0.972433667985592,-1.492906798736693,-1.8029020885459035,1.3837608222067685,0.7572673597729446
-1.9006632985093594,-0.9752901915444048,-1.495049191405821,-1.79611784509368,1.3809042986479414,0.7508401817655254
-1.8966389352498063,-0.978509682152051,-1.4974638093615493,-1.7884715549005346,1.3776848080403012,0.7435963278983483
-1.892147443342598,-0.9821028756778103,-1.5001587045058795,-1.7799377202768347,1.3740916145145314,0.7355116424653478
-1.887177602065984,-0.9860787486991063,-1.5031406092718438,-1.7704950218512723,1.3701157414932428,0.7265659281674623
-1.8817203269811977,-0.9904445687669285,-1.506414974322722,-1.7601261991901729,1.3657499214254103,0.7167428330148194
-1.8757686071006447,-0.995205944671379,-1.5099860062510475,-1.7488179314171262,1.3609885455209714,0.7060297372298505
-1.8693174420560073,-1.0003668767070866,-1.5138567052778316,-1.736560717832313,1.35582761348526,0.6944176401494948
-1.8623637792664305,-1.005929806938751,-1.518028902951577,-1.7233487585321172,1.3502646832535994,0.6819010471282639
-1.85490645110664,-1.011895669466582,-1.5225032998474508,-1.7091798350285168,1.3442988207257676,0.6684778564406422
-1.8469461120751078,-1.0182639406918048,-1.5272795032663737,-1.6940551908686017,1.3379305495005398,0.6541492461838689
-1.8384851759621885,-1.0250326895821373,-1.5323560649341261,-1.6779794122540561,1.3311618006102037,0.6389195611806108
-1.8295277530182683,-1.0321986279372701,-1.537730518700469,-1.6609603086606308,1.3239958622550725,0.6227961998815933
-1.820079587121922,-1.0397571606543439,-1.5433994182382793,-1.643008793457571,1.3164373295379936,0.6057895012681578
-1.8101479929480448,-1.047702435993449,-1.5493583747426045,-1.6241387645272027,1.3084920541988931,0.5879126317551854
-1.799741793136001,-1.0560273958430848,-1.5556020946298323,-1.6043669848843158,1.3001670943492567,0.5691814720935001
-1.7888712554577806,-1.0647238259856615,-1.5621244172367652,-1.5837129632956948,1.29147066420668,0.549614504272699
-1.777548029986141,-1.073782406362973,-1.5689183525197516,-1.5621988348995743,1.2824120838293669,0.5292326984237351
-1.7657850862627553,-1.0831927613416852,-1.5759761187537793,-1.5398492418251455,1.2730017288506603,0.5080593997216577
-1.7535966504663534,-1.0929435099788065,-1.5832891802316207,-1.5166912138119828,1.2632509802135385,0.4861202152881355
-1.7409981425808785,-1.1030223162871864,-1.590848284962906,-1.492754048829578,1.2531721739051584,0.463442901094277
-1.728006113563627,-1.1134159395009853,-1.5986435023732612,-1.468069193696796,1.242778550691356,0.44005724886320924
-1.7146381825133998,-1.12411028434117,-1.6066642610033963,-1.4426701247013627,1.232084205851174,0.41599497297280424
-1.7009129738386413,-1.135090451280977,-1.61489938620825,-1.4165922282193248,1.2211040389113679,0.391289597358245
-1.686850054425597,-1.146340786811411,-1.6233371378560797,-1.389872681334535,1.209853703380931,0.36597634241474986
-1.6724698708064565,-1.1578449337067254,-1.6319652480275642,-1.3625503324581663,1.1983495564856186,0.3400920119002978
-1.6577936863274927,-1.169585881289896,-1.6407709587149413,-1.3346655819481368,1.1866086089024481,0.31367487983816844
-1.6428435183172223,-1.1815460156981121,-1.6497410595211053,-1.3062602627286184,1.174648474494231,0.2867645774196722
-1.6276420752545417,-1.193707170148256,-1.6588619253587125,-1.2773775209095304,1.1624873200440873,0.25940197990685465
-1.612212693936881,-1.2060506752023856,-1.6681195541493101,-1.2480616964059714,1.1501438149899583,0.23162909353505998
-1.5965792766483444,-1.218557409033215,-1.677499604522429,-1.2183582035577596,1.13763708115913,0.20348894241570809
-1.5807662283278638,-1.2312078476896007,-1.6869874335147155,-1.1883134117488499,1.1249866425027464,0.17502545543885312
-1.56479839373734,-1.2439821153620185,-1.6965681342690335,-1.1579745260268473,1.1122123748303259,0.14628335317589297
-1.5487009946297943,-1.256860034648055,-1.7062265737335607,-1.1273894677225096,1.0993344555442892,0.1173080347823083
-1.5324995669175134,-1.2698211768178795,-1.7159474303609301,-1.096606755069174,1.0863733133744644,0.08814546490020155
-1.5162198978401948,-1.2828449120797343,-1.7257152318073212,-1.0656753838222688,1.0733495781126092,0.058842060561026976
-1.4998879631330957,-1.295910459845413,-1.7355143926315793,-1.0346447078787855,1.0602840303469308,0.029444578088258982
-1.4835298641951797,-1.3089969389957454,-1.7453292519943282,-1.0035643198967477,1.047197551196598,1.234598764118443e-14
-1.4671717652572638,-1.3220834181460777,-1.7551441113570814,-0.9724839319146991,1.0341110720462645,-0.029444578088251606
-1.450839830550166,-1.3351489659117572,-1.764943272181336,-0.9414532559712196,1.0210455242805867,-0.058842060561013876
-1.4345601614728472,-1.3481727011736124,-1.7747110736277307,-0.9105218847243043,1.0080217890187306,-0.08814546490020538
-1.418358733760565,-1.3611338433434368,-1.784431930255101,-0.879739172070969,0.9950606468489057,-0.11730803478231282
-1.4022613346530206,-1.374011762629474,-1.7940903697196264,-0.8491541137666345,0.9821827275628694,-0.14628335317589164
-1.386293500062497,-1.3867860303018917,-1.803671070473941,-0.8188152280446429,0.9694084598904505,-0.17502545543882891
-1.370480451742016,-1.3994364689582772,-1.8131588994662295,-0.7887704362357268,0.956758021234066,-0.20348894241569854
-1.3548470344534793,-1.411943202789106,-1.8225389498393505,-0.7590669433875089,0.9442512874032366,-0.23162909353506095
-1.3394176531358182,-1.424286707843236,-1.8317965786299488,-0.7297511188839502,0.9319077823491081,-0.259401979906855
-1.324216210073138,-1.4364478622933794,-1.8409174444675551,-0.700868377064866,0.9197466278989643,-0.2867645774196668
-1.3092660420628668,-1.4484079967015946,-1.8498875452737151,-0.6724630578453583,0.9077864934907485,-0.3136748798381421
-1.2945898575839037,-1.460148944284766,-1.8586932559610945,-0.6445783073353238,0.8960455459075775,-0.34009201190028326
-1.2802096739647624,-1.471653091180079,-1.8673213661325787,-0.6172559584589573,0.8845413990122638,-0.36597634241473387
-1.266146754551718,-1.4829034267105141,-1.8757591177804052,-0.5905364115741735,0.8732910634818288,-0.3912895973582139
-1.2524215458769599,-1.4938835936503194,-1.8839942429852594,-0.5644585150921387,0.8623108965420225,-0.4159949729727701
-1.2390536148267306,-1.5045779384905045,-1.8920150016154005,-0.5390594460966898,0.8516165517018381,-0.4400572488632034
-1.2260615858094792,-1.5149715617043058,-1.8998102190257522,-0.5143745909639081,0.8412229284880375,-0.4634429010942627
-1.2134630779240052,-1.525050368012684,-1.907369323757035,-0.49043742598151635,0.8311441221796582,-0.4861202152881012
-1.2012746421276028,-1.5348011166498077,-1.914682385234878,-0.46727939796834195,0.8213933735425353,-0.5080593997216412
-1.1895116984042156,-1.5442114716285158,-1.921740151468909,-0.44492980489391515,0.8119830185638263,-0.5292326984237233
-1.1781884729325762,-1.5532700520058274,-1.9285340867518912,-0.4234156764978029,0.8029244381865147,-0.5496145042726707
-1.1673179352543552,-1.5619664821484045,-1.9350564093588238,-0.4027616549091848,0.7942280080439382,-0.5691814720934666
-1.1569117354423095,-1.5702914419980418,-1.941300129246054,-0.38298987526628503,0.7859030481943013,-0.5879126317551687
-1.1469801412684308,-1.5782367173371437,-1.9472590857503798,-0.3641198463359231,0.7779577728551984,-0.605789501268139
-1.1375319753720856,-1.5857952500542205,-1.9529279852881882,-0.34616833113286155,0.7703992401381217,-0.6227961998815688
-1.1285745524281705,-1.5929611884093524,-1.958302439054536,-0.3291492275394284,0.76323330178299,-0.6389195611806064
-1.1201136163152532,-1.599729937299682,-1.963379000722283,-0.3130734489249091,0.7564645528926569,-0.6541492461838194
-1.1121532772837175,-1.606098208524903,-1.9681552041412052,-0.29794880476499713,0.7500962816674286,-0.6684778564405858
-1.1046959491239294,-1.6120640710527365,-1.972629601037081,-0.2837798812613845,0.7441304191395969,-0.6819010471282259
-1.0977422863343504,-1.6176270012844043,-1.9768017987108295,-0.27056792196116825,0.7385674889079331,-0.6944176401494907
-1.0912911212897143,-1.6227879333201143,-1.9806724977376104,-0.2583107083763542,0.733406556872226,-0.7060297372298445
-1.0853394014091586,-1.6275493092245594,-1.9842435296659453,-0.2470024406032966,0.7286451809677802,-0.716742833014845
-1.0798821263243745,-1.631915129292388,-1.9875178947168168,-0.23663361794220575,0.7242793608999525,-0.7265659281674558
-1.0749122850477597,-1.6358910023136806,-1.990499799482785,-0.2271909195166325,0.7203034878786613,-0.735511642465371
-1.0704207931405543,-1.6394841958394355,-1.993194694627104,-0.21865708489298374,0.7167102943528976,-0.7435963278982739
-1.0663964298810011,-1.642703686447082,-1.9956093125828387,-0.21101079469981768,0.7134908037452545,-0.7508401817654942
-1.0628257754324764,-1.6455602100059075,-1.997751705251954,-0.20422655124759892,0.7106342801864358,-0.7572673597728729
-1.0596931480116576,-1.6480663119425611,-1.9996312817044457,-0.19827455914805198,0.7081281782497794,-0.7629060891303305
-1.0569805410566429,-1.6502363975065717,-2.0012588458774534,-0.1931206059335282,0.705958092685768,-0.7677887816493525
-1.0546675603951319,-1.6520867820357847,-2.002646634274361,-0.18872594267663914,0.7041077081565592,-0.7719521468400964
-1.0527313614125418,-1.6536357412218594,-2.003808353663918,-0.18504716460970605,0.7025587489704864,-0.7754373050087767
-1.0511465862201683,-1.6549035613757532,-2.004759218779339,-0.18203609174421911,0.7012909288165896,-0.7782899003550185
-1.0498853008233393,-1.6559125896932219,-2.005515990017438,-0.1796396494902288,0.7002819004991238,-0.7805602140693276
-1.0489169322895375,-1.6566872845201996,-2.0060970111376943,-0.17779974927627154,0.6995072056720885,-0.7823032774297738
-1.0482082059165791,-1.6572542656186426,-2.006522246961499,-0.17645316916732048,0.6989402245737157,-0.7835789849015921
-1.0477230824007437,-1.6576423644313538,-2.0068133210710175,-0.1755314344870518,0.6985521257610431,-0.7844522072303681
-1.047422695004912,-1.6578826743480848,-2.0069935535085435,-0.1749606984346855,0.6983118158443721,-0.784992904543295
-1.0472652867267342,-1.6580086009704182,-2.00708799847537,-0.17466162270703203,0.6981858892218457,-0.7852762394426923
-1.0472061474667584,-1.658055912378609,-2.007123482031436,-0.17454925811218033,0.6981385778138507,-0.7853826901119919
-1.0471975511966387,-1.6580627893919575,-2.0071286397924157,-0.17453292521085736,0.6981317007979708,-0.7853981633803725
