-0.08361260080734781,0.16512738045066513,0.45153237019537396,-0.18761440264770451,0.9536097623937059,0.19208823158104985,-0.13612996831935986
-0.08361260080734781,0.16512738045066513,0.45153237019537396,-0.18761440264770451,0.9536097623937059,0.19208823158104985,-0.13612996831935986
-0.08361260080734781,0.16512738045066513,0.45153237019537396,-0.18761440264770451,0.9536097623937059,0.19208823158104985,-0.13612996831935986
-0.08361260080734781,0.16512738045066513,0.45153237019537396,-0.18761440264770451,0.9536097623937059,0.19208823158104985,-0.13612996831935986
-0.08361260080734781,0.16512738045066513,0.45153237019537396,-0.18761440264770451,0.9536097623937059,0.19208823158104985,-0.13612996831935986
-0.08361260080734781,0.16512738045066513,0.45153237019537396,-0.18761440264770451,0.9536097623937059,0.19208823158104985,-0.13612996831935986
-0.08361260080734781,0.16512738045066513,0.45153237019537396,-0.18761440264770451,0.9536097623937059,0.19208823158104985,-0.13612996831935986
-0.08361260080734781,0.16512738045066513,0.45153237019537396,-0.18761440264770451,0.9536097623937059,0.19208823158104985,-0.13612996831935986
-0.08361260080734781,0.16512738045066513,0.45153237019537396,-0.18761440264770451,0.9536097623937059,0.19208823158104985,-0.13612996831935986
-0.08361260080734781,0.16512738045066513,0.45153237019537396,-0.18761440264770451,0.9536097623937059,0.19208823158104985,-0.13612996831935986
-0.08361260080734781,0.16512738045066513,0.45153237019537396,-0.18761440264770451,0.9536097623937059,0.19208823158104985,-0.13612996831935986
-0.08361260080734781,0.16512738045066513,0.45153237019537396,-0.18761440264770451,0.9536097623937059,0.19208823158104985,-0.13612996831935986
-0.08361260080734781,0.16512738045066513,0.45153237019537396,-0.18761440264770451,0.9536097623937059,0.19208823158104985,-0.13612996831935986
-0.08361260080734781,0.16512738045066513,0.45153237019537396,-0.18761440264770451,0.9536097623937059,0.19208823158104985,-0.13612996831935986
-0.08770337623021986,0.16355204359338812,0.4514271604144914,-0.1894457404320437,0.9484427256466088,0.2157371400824156,-0.1342542140465113
-0.08770337623021986,0.16355204359338812,0.4514271604144914,-0.1894457404320437,0.9484427256466088,0.2157371400824156,-0.1342542140465113
-0.08770337623021986,0.16355204359338812,0.4514271604144914,-0.1894457404320437,0.9484427256466088,0.2157371400824156,-0.1342542140465113
-0.08770337623021986,0.16355204359338812,0.4514271604144914,-0.1894457404320437,0.9484427256466088,0.2157371400824156,-0.1342542140465113
-0.09072960565921363,0.16221242209731526,0.45310383638364465,-0.19773829737193405,0.9410324893923558,0.23988144365371356,-0.13347026879078508
-0.09072960565921363,0.16221242209731526,0.45310383638364465,-0.19773829737193405,0.9410324893923558,0.23988144365371356,-0.13347026879078508
-0.09072960565921363,0.16221242209731526,0.45310383638364465,-0.19773829737193405,0.9410324893923558,0.23988144365371356,-0.13347026879078508
-0.09460260423428496,0.16158635878540528,0.4533508762997807,-0.20545646075848426,0.9338696601894022,0.26324286598572194,-0.1279777090666613
-0.09460260423428496,0.16158635878540528,0.4533508762997807,-0.20545646075848426,0.9338696601894022,0.26324286598572194,-0.1279777090666613
-0.0967055834871505,0.1610989080104372,0.4554201813935743,-0.2161358913224356,0.9265645636115246,0.28062435373386274,-0.12654389765252633
-0.0967055834871505,0.1610989080104372,0.4554201813935743,-0.2161358913224356,0.9265645636115246,0.28062435373386274,-0.12654389765252633
-0.10104571805616291,0.16063625405158352,0.454613465883894,-0.2206585362646736,0.9203502163397437,0.2997974031818166,-0.11994501532934958
-0.10161430114772327,0.16037979385404588,0.4577916027563081,-0.23157742111715057,0.9144096907747733,0.30861915612875657,-0.12239702576569236
-0.10161430114772327,0.16037979385404588,0.4577916027563081,-0.23157742111715057,0.9144096907747733,0.30861915612875657,-0.12239702576569236
-0.10786315855289194,0.15946703471916276,0.45498801343471873,-0.23136340909299655,0.9079649869618146,0.3307096745216886,-0.11270167062673646
-0.1084570204205158,0.15848055147864387,0.45949470315582036,-0.24421753249779007,0.8995049824288681,0.34246048017621494,-0.11819222869465185
-0.11213307123275647,0.15877174373610106,0.4592925942989106,-0.2503852316408265,0.894752970992252,0.3520991592694376,-0.11291828336661514
-0.1162601303244052,0.15814728544713857,0.4595955099221403,-0.25587702682512387,0.8884586303138771,0.36468496060887534,-0.1103317219553262
-0.12050278572246394,0.15734830595255267,0.45990443771149286,-0.26129358655302626,0.88183285795792,0.3774219864552423,-0.10793107241291511
-0.12788179872135683,0.15667119925601494,0.45809828996652957,-0.2657897344628998,0.8744150819929228,0.3934065940017971,-0.09992663925778975
-0.13442179331465678,0.15555302222012501,0.45819692062908324,-0.27282332399962334,0.8665339051605847,0.4064238435134362,-0.0974991513435341
-0.14082464280057144,0.15405250270731674,0.4578740616315275,-0.27844295172571815,0.8585596729993148,0.4199587135546048,-0.09476016801979813
-0.14710924017272786,0.15235328764871145,0.45759562464499604,-0.2844681806437211,0.8500882796899314,0.43356761654795883,-0.09190697914732279
-0.15335401537201862,0.15040556240619124,0.45869943030893673,-0.2934648673941465,0.8410325557905661,0.44491779223366373,-0.09268640601321647
-0.16019209988597585,0.14812352016951796,0.458057866944868,-0.29949386697059277,0.8318144695831885,0.45863651153051666,-0.0896697392109397
-0.16683786100486564,0.14561219055589583,0.4574406486577071,-0.3058375727379055,0.8220823892396603,0.4723960346781202,-0.08652115824575139
-0.1756512894410659,0.14249868601424973,0.4548061364547012,-0.31085216302970475,0.8114291314129152,0.48849787766409875,-0.07952056936357402
-0.1810712214244363,0.13956873585153762,0.4554605337838954,-0.3189334350676324,0.8012022055689019,0.5000234406524153,-0.07958045353984752
-0.18913605078547896,0.13585323716036043,0.45395247398817157,-0.3261978062732983,0.78997833054531,0.5135493707759838,-0.07613325309563285
-0.1967016905766867,0.13191250949615033,0.4512952595032207,-0.33098069408587344,0.7782414123020936,0.529109914593459,-0.06953260098240907
-0.2032069809732288,0.12787547688098447,0.4508481524036665,-0.339523924727179,0.7667108340001556,0.5405177987467591,-0.06869141724114264
-0.20985022975449116,0.12352162155731523,0.44923936523430197,-0.3463437830160185,0.7546405717263647,0.5534463939972244,-0.06527388790418173
-0.2161654910639176,0.11898528584465815,0.4475184319269449,-0.3530838813533892,0.7421788104389689,0.5663183468827191,-0.06152979804815652
-0.22347783994331719,0.11378627274530487,0.4441095924719647,-0.3586859866210116,0.7287127844447727,0.5807738633489837,-0.054988730110392
-0.22945120859821494,0.10872990822628908,0.4425189618689675,-0.3667092455227206,0.716152887223351,0.5914297561598167,-0.05348097697831453
-0.2354719351341707,0.10343573737409052,0.4393601263068811,-0.3722429695951545,0.7022824631717982,0.6049733592003483,-0.04734710303893033
-0.24144153390988657,0.09784416094598063,0.43628245573141866,-0.37907809434129386,0.6885946574275399,0.6166551063525072,-0.04328597881762894
-0.2457662751181233,0.09280523740441426,0.43483296924670256,-0.38663900314610694,0.6755815326596951,0.6263977104185425,-0.041542536727667806
-0.2511232739554053,0.08704461764052557,0.430989982547223,-0.39235325417585193,0.6609869941308445,0.6386656002649428,-0.035515750952369037
-0.25550170509719394,0.08157422834039522,0.428118370786734,-0.3987439257563116,0.6469114850561193,0.6492505241710375,-0.031345957292200355
-0.259245201553027,0.07627914359150494,0.4258880652747695,-0.4060599184139629,0.6335467730941894,0.6579316957875402,-0.02932085670162865
-0.26326470346083064,0.07065926597060339,0.4222438609620868,-0.4114667443325823,0.6186650683618691,0.668881398848723,-0.023373612714443624
-0.2663359751268577,0.06546154169210404,0.42001644738037247,-0.4184235164363385,0.605241212269175,0.6768743525289812,-0.021117451372289656
-0.26972114952850695,0.05991152253744281,0.4164331041348559,-0.4236236341803277,0.5903072822749061,0.6869127207143461,-0.015206682014202774
-0.27224501072711926,0.05481258980371381,0.41423239881268026,-0.4302813909336294,0.5770087774762692,0.6940837846578432,-0.012903302159030402
-0.27509791820921214,0.049350487324927556,0.410683535978376,-0.4352501625786527,0.5621717485986805,0.7031858092929678,-0.007066729211761235
-0.27715424100043096,0.04437536217190208,0.4084925374192606,-0.44159082358820034,0.54913485404948,0.7095250601171065,-0.004758745272418523
-0.27953215209924703,0.03904526830781539,0.40497341088011707,-0.4463020942873973,0.5345374503624867,0.7176929800348988,0.0009701563182015089
-0.2813670290434489,0.0340480486493283,0.4023769141936503,-0.45149420147256814,0.5209714634466484,0.7243730817666819,0.005035744507579514
-0.2828234170240418,0.02931492474116305,0.4002279283333809,-0.4573999335929535,0.508583227940733,0.7294357624342582,0.0072020475212656474
-0.2842410984095382,0.024555971337731363,0.3978233307266272,-0.4623709557184491,0.4956447501995657,0.7351394961540613,0.010922550158775624
-0.28554193399170874,0.01984966734684687,0.39529975524955985,-0.4671542025070634,0.4828759408242007,0.7405273878821689,0.014729719941141525
-0.2866936771989663,0.01525272517280948,0.3927462534403109,-0.47176251945240577,0.4704072197678513,0.7455306701858483,0.018471400662611465
-0.28769555232470934,0.010788054347948436,0.39018513117432546,-0.47619909726824466,0.45826569776034143,0.7501581083379695,0.022131030521317187
-0.2887268323063525,0.006272762526712005,0.3873072143226426,-0.4796391906490741,0.4454582869325218,0.7554866108750493,0.02744343610366835
-0.2892131356417051,0.0023162316261990906,0.38573075244655775,-0.4843657415493696,0.4350285096233019,0.7584713074561641,0.02934791294104402
-0.2899845753233722,-0.0019234047656664127,0.38292147005416144,-0.4876134060240129,0.4230084741352422,0.7629692228079724,0.03427772050813675
-0.2902676023699005,-0.005580381822905826,0.3813110860090631,-0.4919731660786263,0.41340030272868367,0.7653541911438116,0.035993828096035525
-0.2905960792848977,-0.009227818163107072,0.37948676264689607,-0.49548559259004543,0.40336829834089016,0.7682889404285178,0.038989068269089516
-0.2908647568343846,-0.012759190873108884,0.3775722541130223,-0.4988484380646474,0.39362057242623916,0.771004429439455,0.042014885315110974
-0.29106105521080083,-0.0161193290297364,0.3756305225811856,-0.5020284277612781,0.38431874627703555,0.7734653266359265,0.04492157022596389
-0.2911878980252721,-0.019294906487607445,0.37368505483125247,-0.5050326373646291,0.375472867210054,0.7756849982988939,0.04769637931366653
-0.29143117853266814,-0.022433702864973083,0.3714266586883663,-0.5070090106822144,0.366138722396118,0.7785763321256174,0.05199225041293208
-0.29145428638602594,-0.025221593131903784,0.3700176872044182,-0.5093339786829862,0.35833096707094536,0.780512713848219,0.05456848649402623
-0.2912478251519934,-0.02773190707639599,0.3691559299688735,-0.5126334870860169,0.351799839290491,0.7812606112320339,0.055458437866244055
-0.291167145207356,-0.030119961836233767,0.3679595435965176,-0.5149428534758271,0.3451355589003474,0.7825653086811593,0.05750514138300671
-0.29107283365178055,-0.03242275736365489,0.36667080689057074,-0.5171108389013547,0.33864969991440136,0.7838114997757936,0.059601122957913685
-0.29095718137069493,-0.034548710329773476,0.36536289628075813,-0.5191067508566097,0.33262783500665494,0.7849195578252262,0.0615482927247432
-0.2910073159263567,-0.03670709041413545,0.36363074772292736,-0.51973025753223,0.3261081889162665,0.7869858941422339,0.06470788938285028
-0.290749814186025,-0.038253661144337266,0.3632379562870257,-0.5220188720503561,0.3221016965904539,0.7870837461054031,0.0651611148884856
-0.2907413828040287,-0.04006914910613326,0.36177064198025954,-0.522831445172933,0.31651247451017717,0.7885782771245484,0.0679075420340455
-0.2904761272593442,-0.041345360810251315,0.3613954775764694,-0.5248471205908997,0.3132588099318118,0.7885212459347946,0.0681077287610289
-0.2903082323619149,-0.042613797403754934,0.3608982727911626,-0.5259360985362563,0.30994508640086665,0.7890529589418612,0.06870728969704806
-0.29015547616874404,-0.04381952390239154,0.36031045028846775,-0.5272073283589291,0.30654520268165586,0.7894436017692682,0.069722817377583
-0.2900043845402584,-0.044904843472075455,0.35964888759045344,-0.5283831490722312,0.3034336280189837,0.7897750130525064,0.07067326171659767
-0.2902046887549139,-0.04548264876813895,0.3582737719328877,-0.5275955453301467,0.3007140477480475,0.7910816038836249,0.07351121024498118
-0.28998383449991894,-0.04628940534726612,0.3582860455138954,-0.5288456782265096,0.2989068403355442,0.7909617108773643,0.07318825963033454
-0.2898316235508373,-0.046911468752831,0.3580647018881012,-0.5298143730415282,0.29728994841712747,0.7909104454667307,0.07332178353239618
-0.2899534963901954,-0.047387762204232874,0.35704838374226666,-0.5293400288698763,0.29515674159967265,0.7918335259880828,0.07537439117885363
-0.289665326252492,-0.048729430512825404,0.35661576839742737,-0.5308712586355808,0.29175545228108896,0.792043796746158,0.07563786654092268
-0.289665326252492,-0.048729430512825404,0.35661576839742737,-0.5308712586355808,0.29175545228108896,0.792043796746158,0.07563786654092268
-0.289665326252492,-0.048729430512825404,0.35661576839742737,-0.5308712586355808,0.29175545228108896,0.792043796746158,0.07563786654092268
-0.289665326252492,-0.048729430512825404,0.35661576839742737,-0.5308712586355808,0.29175545228108896,0.792043796746158,0.07563786654092268
-0.289665326252492,-0.048729430512825404,0.35661576839742737,-0.5308712586355808,0.29175545228108896,0.792043796746158,0.07563786654092268
-0.289665326252492,-0.048729430512825404,0.35661576839742737,-0.5308712586355808,0.29175545228108896,0.792043796746158,0.07563786654092268
-0.289665326252492,-0.048729430512825404,0.35661576839742737,-0.5308712586355808,0.29175545228108896,0.792043796746158,0.07563786654092268
-0.289665326252492,-0.048729430512825404,0.35661576839742737,-0.5308712586355808,0.29175545228108896,0.792043796746158,0.07563786654092268
