-0.08361260080734781,0.16512738045066513,0.45153237019537396,-0.18761440264770451,0.9536097623937059,0.19208823158104985,-0.13612996831935986
-0.08361678125080652,0.16512825683718194,0.451531932893705,-0.18761804308517468,0.9536079033890272,0.19209372358288718,-0.13613022391421617
-0.08364554123939737,0.16513428422891926,0.4515289237235135,-0.18764308780757127,0.9535951129444031,0.19213150567740891,-0.1361319826224648
-0.08372209068664464,0.1651503114608511,0.4515209084698537,-0.18770974664363313,0.9535610593450939,0.1922320608058235,-0.13613666630996815
-0.08386817367752893,0.1651808338104197,0.45150558897037874,-0.18783694758794262,0.9534960339937064,0.1924239221763106,-0.13614561488862684
-0.08410409977667438,0.1652299527706661,0.45148078235584843,-0.18804235872514916,0.9533909084162304,0.19273369018889777,-0.1361600959919141
-0.08444877528099261,0.16530132436745987,0.4514443960096156,-0.18834240897465698,0.9532370841345154,0.1931860435757409,-0.1361813165595854
-0.08491973407726282,0.16539809975394093,0.45139439969085066,-0.18875230799727855,0.9530264378638562,0.1938037465210783,-0.1362104356964747
-0.08553316767638185,0.16552286142628497,0.4513287961323768,-0.1892860655546417,0.9527512642836448,0.194607653298721,-0.1362485782323074
-0.08630395392422437,0.1656775580384621,0.4512455912955071,-0.18995651056545282,0.9524042184248839,0.1956167117548701,-0.13629684846868312
-0.08724568384311317,0.16586344044985712,0.4511427653397584,-0.19077531006105777,0.951978259517048,0.19684796677306873,-0.13635634365627522
-0.08837068604333789,0.16608100131852382,0.4510182452438228,-0.19175298820665374,0.9514665979359292,0.1983165646878736,-0.1364281668001447
-0.08969004816367405,0.16632992025431315,0.4508698798951836,-0.19289894552424058,0.9508626466924956,0.20003575946505614,-0.13651343844404615
-0.09121363485383024,0.1666090162695794,0.45069541834905563,-0.1942214784289545,0.9501599786999814,0.20201692133863489,-0.136613307135805
-0.09295010189865095,0.16691620900960247,0.45049249184291223,-0.19572779917151437,0.9493522908527172,0.20426954848790896,-0.13672895832529064
-0.09490690620069407,0.16724849000865655,0.45025860004091894,-0.19742405626574464,0.9484333757463419,0.20680128224933472,-0.1368616214941557
-0.09709031148027893,0.16760190499869354,0.44999110187338826,-0.19931535547091933,0.9473971016661515,0.20961792628652365,-0.1370125753623158
-0.09950538971516218,0.16797154809328851,0.4496872112302694,-0.20140578139336338,0.9462374012698052,0.2127234700843729,-0.1371831510600242
-0.10215601851994967,0.16835156847689142,0.4493439976650604,-0.20369841976960557,0.944948269193949,0.21612011708767026,-0.13737473319623694
-0.1050448748520612,0.1687351900453987,0.4489583921668138,-0.2061953804936572,0.9435237686231769,0.2198083177675346,-0.13758875879373383
-0.10817342562018027,0.16911474426544804,0.44852719796348545,-0.20889782145288116,0.9419580466757685,0.22378680786788105,-0.13782671409895397
-0.11154191595623958,0.1694817163436758,0.44804710623024635,-0.21180597323974198,0.9402453582855246,0.22805265205584083,-0.13809012930976905
-0.11514935608675816,0.1698268046208169,0.44751471649190827,-0.21491916480966025,0.9383800980944025,0.2326012931720696,-0.13838057129719702
-0.11899350789764074,0.17013999292690607,0.4469265614298304,-0.21823585015769403,0.9363568397181594,0.2374266072466876,-0.13869963442740857
-0.1230708724225354,0.17041063545155494,0.4462791357309997,-0.22175363608812546,0.9341703816083983,0.2425209644121058,-0.1390489296180912
-0.12737667959320356,0.17062755349681274,0.4455689285509079,-0.2254693111508223,0.9318157986107659,0.24787529580349413,-0.13943007178827868
-0.13190488166625516,0.17077914328980218,0.4447924591028885,-0.229378875815979,0.9292884982119717,0.25347916648987145,-0.1398446658830288
-0.13664815178000614,0.17085349383959028,0.44394631483520713,-0.23347757395422306,0.9265842803790573,0.2593208544229419,-0.1402942916737175
-0.1415978890948284,0.17083851362989194,0.4430271916139409,-0.23775992568186702,0.9236993998240939,0.26538743532657577,-0.14078048755116698
-0.14674423192790986,0.17072206474957113,0.4420319352950048,-0.2422197616211421,0.9206306294771958,0.2716648733774362,-0.14130473354223122
-0.15207608020757804,0.1704921028806405,0.44095758404305346,-0.24685025861256174,0.9173753239211846,0.27813811744738504,-0.14186843379074035
-0.157581128443211,0.17013682139343717,0.4398014107388121,-0.2516439769011879,0.91393148153296,0.284791202592102,-0.1424728987508414
-0.16324591023546065,0.16964479764629076,0.4385609648099935,-0.25659289880065295,0.9102978040899053,0.2916073563794223,-0.14311932734462834
-0.16905585514056112,0.16900513945798912,0.43723411282461855,-0.2616884688186129,0.9064737526344339,0.29856910955715577,-0.14380878933661936
-0.17499535845572187,0.16820762962145042,0.43581907719935703,-0.26692163520514445,0.9024595984457116,0.30565841046586173,-0.144542208174981
-0.18104786421515032,0.16724286626174428,0.4343144723994832,-0.2722828928618927,0.8982564680439187,0.31285674250967843,-0.1453203445435509
-0.18719596138448255,0.16610239681595687,0.43271933804099855,-0.2777623275249408,0.8938663812480553,0.32014524391044563,-0.14614378085965604
-0.1934214929227868,0.16477884343058036,0.4310331683490886,-0.28334966110893567,0.8892922814217298,0.3275048288896888,-0.14701290694058788
-0.19970567705421977,0.1632660176372299,0.4292559374798241,-0.28903429807447245,0.8845380571707315,0.3349163093521451,-0.14792790704651684
-0.20602923976494206,0.16155902228139807,0.42738812027317263,-0.29480537265568724,0.8796085548992202,0.3423605160858932,-0.148888748489763
-0.21237255722451068,0.15965433884196417,0.4254307080740465,-0.30065179676098513,0.8745095817854773,0.34981841845004624,-0.14989517197991767
-0.21871580653427172,0.15754989849000806,0.42338521933318635,-0.30656230833738707,0.8692478989004688,0.35727124149331346,-0.15094668385161614
-0.22503912293759393,0.15524513549116284,0.4212537047799039,-0.31252551996867056,0.8638312043598229,0.3647005794370729,-0.1520425502970577
-0.23132276139693214,0.15274102185161859,0.41903874704265714,-0.3185299674597738,0.8582681065689478,0.37208850446603753,-0.15318179369904317
-0.2375472602585008,0.15004008243772707,0.4167434546795965,-0.3245641581453347,0.8525680877884375,0.3794176697987285,-0.15436319113273225
-0.243693604593407,0.14714639015527883,0.41437145066793324,-0.3306166186491003,0.8467414584092717,0.38667140605886635,-0.15558527507587006
-0.24974338672949684,0.14406554114804626,0.4119268554866143,-0.33667594181365235,0.8407993024811927,0.39383381003697226,-0.15684633633844264
-0.25567896147425073,0.14080461035634506,0.4094142650095994,-0.3427308325166793,0.8347534151798668,0.40088982501792725,-0.15814442919391314
-0.26148359357719614,0.13737208815480897,0.40683872350542033,-0.3487701520911053,0.8286162330260463,0.4078253119534273,-0.15947737866594752
-0.2671415950898844,0.13377779915378973,0.4042056921110492,-0.35478296107184115,0.8224007577803174,0.41462711087617843,-0.16084278989724513
-0.27263845044984814,0.1300328045904799,0.40152101321296846,-0.3607585600017798,0.8161204750279305,0.42128309208287773,-0.16223805950120615
-0.2779609273375354,0.12614929004432177,0.39879087122444445,-0.3666865280438694,0.809789268537911,0.4277821967527181,-0.16366038877317374
-0.2830971716256292,0.12214044047781365,0.39602175029423026,-0.37255675916446856,0.8034213315279165,0.4341144668143269,-0.16510679861620048
-0.2880367850504816,0.11802030482106816,0.3932203895174389,-0.37835949567554544,0.797031075990438,0.4402710640234383,-0.16657414601714474
-0.2927708845764538,0.11380365248065445,0.39039373624349094,-0.38408535894926005,0.7906330412368568,0.44624427836296565,-0.16805914189264679
-0.29729214278569654,0.10950582425638489,0.3875488980885359,-0.38972537714774874,0.7842418027939716,0.45202752602318486,-0.16955837011149075
-0.3015948089977562,0.10514258019178872,0.38469309426049325,-0.3952710098430364,0.7778718827439424,0.4576153373593543,-0.17106830749015134
-0.30567471119468786,0.10072994686501123,0.38183360679408784,-0.40071416943647675,0.7715376625346255,0.46300333535435717,-0.17258534455214183
-0.3095292391877242,0.09628406654873763,0.37897773227143133,-0.4060472393234365,0.7652532992049854,0.4681882052322441,-0.17410580683914867
-0.3131573098013096,0.0918210505342024,0.3761327345715695,-0.411263088786539,0.7590326458719857,0.473167655972676,-0.17562597656284043
-0.3165593151607757,0.08735683873087384,0.3733057991509344,-0.41635508463912735,0.7528891772137748,0.47794037456436406,-0.1771421143906373
-0.31973705544375486,0.0829070674267477,0.37050398930695005,-0.4213170996790879,0.746835920561963,0.48250597390641975,-0.1786504811663941
-0.32269365768675157,0.07848694683229114,0.3677342048204751,-0.4261435180512631,0.7408853930863855,0.48686493531917724,-0.18014735937775558
-0.32543348242295433,0.07411114974255043,0.36500314331072753,-0.430829237653822,0.7350495454220247,0.4910185466602884,-0.18162907419551375
-0.3279620200629318,0.06979371234587901,0.3623172645703754,-0.4353696697596034,0.7293397119528223,0.49496883705781664,-0.18309201392638755
-0.3302857790156406,0.06554794789322085,0.3596827580801011,-0.4397607360571561,0.7237665678338162,0.49871850927040745,-0.18453264973881617
-0.3324121675841378,0.06138637362779225,0.3571055138327148,-0.44399886334747934,0.7183400927042016,0.50227087066643,-0.18594755454119774
-0.33434937166101997,0.05732065106962121,0.3545910965283192,-0.44808097616093406,0.7130695409220047,0.5056297637807132,-0.18733342091310376
-0.336106230196737,0.053361539460190156,0.3521447231354904,-0.4520044875841222,0.707963418038241,0.5087994973609744,-0.18868707801183862
-0.3376921103244154,0.04951886190590255,0.3497712437502919,-0.4557672886083435,0.7030294631266379,0.5117847787581915,-0.1900055073988624
-0.3391167839034356,0.045801483520537166,0.3474751256263249,-0.4593677363293656,0.6982746364956314,0.5145906484482569,-0.19128585775255566
-0.3403903070969702,0.04221730066040787,0.3452604401959629,-0.46280464134244553,0.6937051122335965,0.517222417398456,-0.19252545845513783
-0.34152290443255645,0.03877324017443718,0.3431308528562833,-0.4660772546866261,0.68932627497686,0.5196856079139783,-0.19372183206180693
-0.34252485861606013,0.03547526745640249,0.3410896152536322,-0.46918525469828354,0.685142720243365,0.521985898518908,-0.19487270567895676
-0.3434064071843624,0.03232840198871752,0.3391395597687609,-0.4721287341355584,0.6811582576429845,0.5241290733451027,-0.19597602129529146
-0.3441776468965387,0.0293367390057121,0.33728309588034977,-0.4749081879326767,0.6773759162582165,0.5261209764228074,-0.19702994512447833
-0.34484844658235564,0.026503475877998894,0.33552220806859123,-0.47752450193625,0.6737979514857761,0.5279674711904402,-0.1980328760304198
-0.34542836899487783,0.02383094182600771,0.33385845491236793,-0.47997894296443744,0.6704258526398159,0.529674405468981,-0.1989834531160783
-0.34592660205427456,0.021320629607336418,0.33229296903317473,-0.48227315051440456,0.6672603506401873,0.5312475820797222,-0.19988056256398115
-0.3463518997249545,0.018973227886093864,0.33082645754604234,-0.48440913042387146,0.6643014251433739,0.5326927352234188,-0.20072334382095136
-0.3467125326393557,0.016788653079376714,0.32945920269179163,-0.48638925076875933,0.6615483105182874,0.5340155126842927,-0.20151119522134892
-0.3470162484694634,0.014766079582986721,0.32819106234549605,-0.4882162402510944,0.6589995001229236,0.5352214638736862,-0.20224377914222927
-0.3472702419508783,0.012903967401792876,0.32702147012232596,-0.4898931892994628,0.6566527483996712,0.536316033684874,-0.20292102678057714
-0.3474811343825159,0.01120008634635342,0.3259494348332641,-0.49142355406848576,0.654505070375676,0.5373045620917217,-0.20354314263726156
-0.347654962355525,0.009651536103117008,0.3249735390786902,-0.49281116348410964,0.652552738228822,0.5381922893881533,-0.20411060878514592
-0.34779717540476507,0.008254761637561864,0.3240919368066269,-0.4940602294379833,0.6507912746584342,0.5389843669312767,-0.20462418899003215
-0.34791264222157764,0.007005563544987665,0.32330234970356453,-0.49517536018689756,0.6492154428815486,0.5396858732165614,-0.20508493274340928
-0.3480056650136417,0.00589910311940851,0.32260206232825256,-0.49616157696231383,0.6478192331592645,0.5403018350766545,-0.20549417925579314
-0.34808000154200863,0.00492990206457092,0.3219879159416218,-0.4970243337403589,0.6465958458422806,0.5408372537539353,-0.20585356144929695
-0.3481388943025235,0.004091836919724858,0.32145630102802375,-0.49776954006446855,0.6455376710088481,0.5412971355485043,-0.20616500997856957
-0.3481851062442295,0.0033781284141731404,0.3210031485431887,-0.4984035867511212,0.6446362648511067,0.5416865266855042,-0.20643075730090704
-0.34822096232668276,0.0027813260962472317,0.3206239199616896,-0.49893337424393236,0.6438823230457924,0.5420105519761984,-0.2066533418098407
-0.348248396107367,0.002293288702131352,0.3203135962302362,-0.49936634331275553,0.6432656514216727,0.5422744567639171,-0.20683561204226134
-0.3482690004160524,0.0019051608357056997,0.32006666576195114,-0.499710507722492,0.6427751343076717,0.5424836515467715,-0.20698073096780045
-0.3482840810120722,0.0016073466206781035,0.3198771116300865,-0.4999744884210022,0.642398701011709,0.5426437585523411,-0.2070921803709996
-0.3482947119310069,0.0013894810593180552,0.3197383981369235,-0.5001675487168679,0.6421232909401067,0.5427606594040598,-0.20717376534222878
-0.34830179100790354,0.0012403998875995348,0.3196434569445154,-0.5002996298357083,0.6419348179207611,0.5428405428639511,-0.20722961890247105
-0.3483060938148091,0.0011481087547290138,0.31958467295855775,-0.5003813861581721,0.64181813434024,0.5428899514616593,-0.20726420679991275
-0.34830832397194433,0.001099752577683241,0.3195538701555813,-0.5004242193533736,0.6417569957464002,0.5429158256257915,-0.2072823325326753
-0.34830915748653246,0.0010815859317617035,0.3195422975379115,-0.5004403105281414,0.641734026605578,0.5429255437218129,-0.20728914267144474
-0.3483092784445764,0.0010789453420141084,0.3195406153922521,-0.5004426494143026,0.6417306879396002,0.5429269561735113,-0.2072901325773305
