-0.08361260080734781,0.16512738045066513,0.45153237019537396,-0.18761440264770451,0.9536097623937059,0.19208823158104985,-0.13612996831935986
-0.08361637259291829,0.1651279793952306,0.4515316762072725,-0.18761855072800473,0.9536070908865809,0.1920984112930831,-0.13612860100738883
-0.08364232121116084,0.16513209810018964,0.45152690139812074,-0.18764708777033404,0.95358870856686,0.1921684427153792,-0.1361191939788318
-0.08371138818354586,0.16514304519054984,0.45151418893595,-0.18772304126687692,0.9535397530404058,0.19235483067061318,-0.13609415221395813
-0.08384319382267204,0.16516387343573724,0.45148991492714197,-0.1878679767393238,0.9534462160816826,0.19271047452907006,-0.13604635005091045
-0.0840560668133273,0.1651973378623881,0.45145067268882766,-0.1881020213146122,0.9532948400824264,0.19328470808682183,-0.13596911071773055
-0.0843670740464091,0.1652458425002156,0.4513932544312279,-0.1884438856137945,0.9530729940235433,0.194123330639689,-0.13585618329368793
-0.08479205026408408,0.16531137946314442,0.4513146312347106,-0.18891088445853935,0.952768535887587,0.19526863164262895,-0.13570171794097324
-0.08534562699593326,0.16539546368153438,0.45121193212790095,-0.18951895683109718,0.952369667791416,0.19675941092837043,-0.1355002401608256
-0.08604126020367432,0.16549906623749094,0.45108242299751955,-0.19028268545990726,0.9518647895075626,0.1986309960827224,-0.13524662474559243
-0.08689125601531553,0.1656225489141631,0.4509234859865427,-0.19121531634529332,0.9512423554517748,0.20091525824877404,-0.13493607001968383
-0.08790679392383371,0.16576560225165743,0.45073259996408793,-0.19232877848851232,0.9504907396388225,0.20364062736549293,-0.13456407288778602
-0.08909794685343568,0.16592718910665658,0.45050732257770254,-0.1936337040429529,0.9495981125465935,0.20683210764133447,-0.1341264051378278
-0.09047369755852565,0.16610549543944264,0.4502452743263553,-0.19513944906855313,0.948552333278572,0.21051129392042076,-0.13361909137899639
-0.09204195091518241,0.1662978897997669,0.44994412502044406,-0.19685411503916642,0.9473408598767412,0.21469638951476616,-0.1330383889314169
-0.09380954178920779,0.16650089275020347,0.44960158292378505,-0.19878457122729506,0.9459506801110226,0.21940222604570223,-0.13238076992397704
-0.0957822383144633,0.16671015725011962,0.44921538680212386,-0.20093647807068554,0.9443682645581238,0.22464028585397072,-0.1316429058000194
-0.09796474058520206,0.16692046082251094,0.44878330103361286,-0.2033143116100864,0.9425795432827999,0.23041872759240548,-0.13082165437725457
-0.10036067495072178,0.16712571013665534,0.44830311386936333,-0.20592138907627594,0.9405699069488159,0.23674241569814725,-0.12991404955815342
-0.10297258429382018,0.1673189584586186,0.4477726388670538,-0.2087598956964883,0.938324232716184,0.24361295454279996,-0.12891729374022542
-0.105801914869879,0.16749243624583016,0.44718971945813285,-0.2118309127848351,0.9358269348264848,0.25102872816848903,-0.12782875293188428
-0.1088490004745245,0.16763759498815325,0.44655223654983756,-0.2151344471774424,0.933062039340423,0.2589849466251968,-0.12664595453898703
-0.11211304488835507,0.16774516422340074,0.4458581190075494,-0.21866946207012622,0.9300132820726278,0.2674737000201941,-0.1253665877495581
-0.11559210371103121,0.16780522147789667,0.44510535681133684,-0.2224339093137699,0.9266642283698643,0.2764840214648782,-0.12398850640961159
-0.1192830668382278,0.16780727470103404,0.4442920166333329,-0.22642476321957342,0.92299841300251,0.28600196014972035,-0.1225097342513073
-0.12318164294814499,0.16774035657621378,0.44341625954027813,-0.23063805592245593,0.9189994980880473,0.2960106657875449,-0.12092847230591179
-0.127282347444591,0.1675931298994346,0.4424763604885071,-0.23506891434566343,0.9146514466426463,0.3064904856335235,-0.11924310830816415
-0.13157849534692917,0.16735400302251568,0.4414707292472139,-0.2397115988026769,0.9099387090663316,0.31741907521321605,-0.11745222787563174
-0.1360622006200613,0.16701125416284882,0.44039793236036195,-0.24455954326356122,0.9048464196128075,0.3287715237655679,-0.11555462722655524
-0.14072438339769527,0.16655316318908764,0.4392567157383384,-0.2496053973017725,0.8993605996811308,0.34052049523549477,-0.1135493271824832
-0.14555478646809977,0.16596814930653847,0.4380460274576815,-0.2548410697240226,0.8934683645975433,0.3526363854320076,-0.1114355881877771
-0.15054200226322254,0.16524491289222706,0.4367650403410754,-0.26025777387013355,0.8871581304363542,0.3650874957058294,-0.10921292606684098
-0.15567351142057687,0.16437257957325607,0.43541317389043166,-0.26584607455194,0.8804198173629255,0.3778402232000572,-0.10688112823173286
-0.16093573377515658,0.16334084450900585,0.43399011515330366,-0.2715959365804319,0.8732450459732025,0.39085926739507565,-0.10444027004772698
-0.16631409238962444,0.16214011473393336,0.4324958381170438,-0.27749677480870244,0.8656273231556937,0.40410785231252316,-0.10189073106243049
-0.17179309095033046,0.16076164734890752,0.430930621245868,-0.28353750559518337,0.8575622141152266,0.41754796337179867,-0.0992332108052275
-0.17735640455074342,0.1591976813203903,0.4292950628030945,-0.2897065995675333,0.8490474973737994,0.4311405975164037,-0.09646874386817433
-0.18298698356023338,0.15744156066270276,0.4275900936338978,-0.29599213554278614,0.8400832998016768,0.44484602485707,-0.09359871398694546
-0.1886671699433207,0.15548784684243636,0.42581698712250843,-0.3023818554344735,0.830672209029231,0.45862405972510945,-0.09062486685100359
-0.19437882506179086,0.1533324183576933,0.42397736608130804,-0.3088632199528803,0.8208193609429668,0.47243433870370943,-0.08754932138575933
-0.20010346766915424,0.15097255560874193,0.4220732063770222,-0.31542346488094064,0.8105325003721274,0.48623660291744897,-0.0843745792659641
-0.20582242050364039,0.14840700938957346,0.42010683715043073,-0.32204965768600896,0.7998220135180648,0.49999098162084876,-0.08110353243881004
-0.21151696361185973,0.1456360515887848,0.41808093753980313,-0.32872875420742004,0.7887009311585309,0.5136582739438094,-0.07773946845695998
-0.21716849229947763,0.1426615069884516,0.4159985298737013,-0.33544765514185865,0.777184902163241,0.5272002255323373,-0.07428607344580168
-0.22275867741581154,0.13948676538482374,0.4138629693548397,-0.34219326203356376,0.7652921373745099,0.540579796772336,-0.07074743255527517
-0.22826962554300814,0.13611677361692487,0.41167793031235195,-0.3489525324647658,0.7530433244257289,0.5537614193056373,-0.06712802777438873
-0.23368403658263848,0.13255800746934285,0.40944738915400003,-0.35571253413382253,0.7404615145788793,0.5667112376420762,-0.06343273301563218
-0.23898535621661862,0.1288184238036182,0.4071756042015586,-0.3624604975046628,0.7275719831480398,0.579397332838137,-0.059666806406525746
-0.24415792076677126,0.12490739365804121,0.4048670926408106,-0.36918386671158226,0.7144020655273153,0.5917899254482547,-0.05583587975611274
-0.24918709208750728,0.12083561742751069,0.40252660486134906,-0.37587034840835354,0.7009809712478506,0.6038615552538618,-0.05194594519488644
-0.2540593802962835,0.11661502358280502,0.4001590964998552,-0.382507958260128,0.6873395788399345,0.6155872356303633,-0.04800333901696048
-0.25876255237201834,0.1122586527021751,0.3977696985329574,-0.38908506479071825,0.6735102145643742,0.6269445808144453,-0.044014722782867645
-0.2632857249259378,0.10778052885865418,0.39536368579156456,-0.3955904303165168,0.6595264182959321,0.6379139047730156,-0.03998706176973142
-0.267619439764248,0.10319552062630512,0.39294644428722275,-0.4020132487213614,0.6454226999861656,0.6484782908393372,-0.03592760088228804
-0.2717557212081512,0.09851919413186762,0.39052343775225945,-0.40834317985389357,0.6312342902012216,0.6586236317594591,-0.03184383816299584
-0.2756881145036937,0.09376766068090817,0.3881001737991038,-0.41457038036006105,0.6169968882218066,0.6683386402707746,-0.027743496061849504
-0.2794117050308914,0.0889574215275664,0.3856821701002119,-0.420685530798016,0.6027464111097518,0.6776148308024238,-0.02363449064626032
-0.2829231183975757,0.0841052123343926,0.3832749209786689,-0.42667985892032817,0.5885187469923235,0.686446473333047,-0.019524898948183603
-0.28622050186780523,0.07922784978565012,0.3808838647811492,-0.43254515904866686,0.5743495155976752,0.6948305208547116,-0.01542292465939367
-0.28930348791758564,0.0743420826777506,0.3785143523799348,-0.438273807508379,0.5602738388000715,0.7027665122637448,-0.011336862396257376
-0.29217314102317915,0.06946444961988614,0.3761716171198266,-0.44385877413411756,0.5463261236106698,0.710256452822218,-0.0072750607625002885
-0.2948318890619933,0.06461114524347203,0.37386074648970324,-0.4492936299022742,0.5325398596885077,0.7173046746023409,-0.0032458844422601557
-0.2972834409369876,0.05979789654893658,0.3715866557581011,-0.454572550790799,0.518947433057432,0.7239176795361948,0.0007423244437574827
-0.299532692218599,0.05503985072160241,0.36935406376837493,-0.4596903180114661,0.5055799573086501,0.7301039678432604,0.004681285488847042
-0.3015856207309589,0.05035147543429774,0.3671674710427635,-0.4646423148031122,0.49246712315617236,0.7358738546979682,0.008562819433021058
-0.30344917409110733,0.045746472332249336,0.3650311402969993,-0.4694245200162661,0.4796370668036388,0.7412392780308931,0.012378887661672671
-0.30513115124213996,0.041237704074872164,0.362949079418976,-0.47403349875931533,0.4671162571855321,0.7462136003334912,0.016121631564785247
-0.3066400800064211,0.03683713499775135,0.36092502691739725,-0.4784663904133498,0.4549294017720227,0.7508114072622034,0.019783411564219873
-0.3079850926272246,0.03255578516402342,0.35896243980021086,-0.48272089435661736,0.4430993702819416,0.755048305719209,0.023356845631339582
-0.3091758011715421,0.028403697304111995,0.3570644837988541,-0.4867952537696048,0.43164713533887294,0.7589407239307052,0.026834847133302236
-0.3102221745393049,0.02438991590169209,0.3552340258137052,-0.4906882379177259,0.4205917288356039,0.7625057158566406,0.030210661863440413
-0.3111344186713849,0.020522477475926313,0.3534736284193228,-0.4943991233300715,0.40995021254556674,0.7657607720557659,0.03347790412882642
-0.3119228613772173,0.01680841093829867,0.35178554623572,-0.49792767430931806,0.3997376613384664,0.7687236389041107,0.036630591785961675
-0.312597843019429,0.013253746768201244,0.35017172394449764,-0.5012741232194429,0.3899671572215371,0.7714121478307497,0.03966318013323321
-0.3131696141038773,0.009863533655240732,0.3486337957065539,-0.5044391510041011,0.3806497923375104,0.7738440559985388,0.042570594585962726
-0.3136482406349028,0.006641861197305763,0.3471730857215945,-0.5074238683892189,0.3717946790038823,0.7760368996252618,0.04534826207620339
-0.3140435179125892,0.0035918872201369124,0.34579060965888797,-0.5102297982184049,0.3634089648731004,0.778007860917338,0.047992141134726704
-0.3143648932757537,0.0007158682941928675,0.344487076683726,-0.5128588593590625,0.3554978513269493,0.7797736493778092,0.05049875062669439
-0.31462139813468676,-0.0019848079349888675,0.3432628918048135,-0.515313352600588,0.34806461328719507,0.7813503980556407,0.05286519712504012
-0.3148215894936912,-0.004509589919169768,0.34211815827411546,-0.5175959489436547,0.3411106187247065,0.7827535751261111,0.05508920091685173
-0.3149735010366492,-0.006858730107696042,0.3410526797823611,-0.519709680651433,0.3346353462767672,0.7839979110327949,0.057169120647666556
-0.3150846037394474,-0.009033254689851939,0.3400659622100408,-0.5216579353996169,0.3286363995331598,0.7850973412797588,0.0591039766170138
-0.3151617758805484,-0.011034936166167403,0.3391572147149693,-0.5234444538224269,0.32310951672176297,0.7860649648364542,0.0608934727457211
-0.31521128224368766,-0.012866269595540563,0.3383253499628538,-0.5250733307064516,0.3180485747101265,0.7869130180046359,0.06253801724172264
-0.31523876224229797,-0.01453045321566567,0.33756898333619834,-0.5265490200333046,0.31344558643669007,0.7876528634930398,0.06403874199686396
-0.3152492266406835,-0.016031373978705528,0.3368864309887982,-0.5278763440158775,0.30929069109085106,0.7882949943469096,0.0653975207525515
-0.31524706249857365,-0.017373598385396535,0.33627570664728323,-0.5290605062114082,0.30557213657116744,0.7888490522809535,0.0666169860778907
-0.31523604591933957,-0.018562368841692788,0.33573451709704927,-0.5301071087280805,0.3022762539624313,0.7893238598601994,0.06770054521044254
-0.31521936213347224,-0.019603605605214184,0.3352602563267073,-0.5310221734703495,0.299387423982128,0.7897274658576802,0.06865239481750195
-0.3151996323933384,-0.02050391423675319,0.33484999834216755,-0.5318121672920231,0.29688803555147075,0.7900672029847988,0.06947753474560431
-0.31517894708819644,-0.021270598327228458,0.3345004886979196,-0.5324840308454165,0.29475843684312353,0.7903497570334278,0.07018178083817378
-0.31515890440560446,-0.021911677135172808,0.33420813482820383,-0.5330452108298729,0.29297687934355926,0.7905812462824486,0.0707717769166241
-0.315140653762625,-0.022435907646096816,0.33396899529396945,-0.5335036952537302,0.2915194556402296,0.7907673097999124,0.07125500603921574
-0.31512494310407013,-0.02285281045507965,0.33377876809205176,-0.5338680512306415,0.2903600317993265,0.7909132030104561,0.07163980117527208
-0.3151121690125196,-0.02317269877919776,0.3336327782004438,-0.5341474647340703,0.28947017533704755,0.7910238985917717,0.07193535546015375
-0.3151024283938521,-0.0234067098283066,0.3335259645574139,-0.5343517816328235,0.28881907990375755,0.7911041904109027,0.07215173222927078
-0.31509557029134583,-0.02356683770176725,0.33345286669239194,-0.5344915492256825,0.2883734878957822,0.7911587978088751,0.07229987506743282
-0.3150912461408913,-0.02366596693459552,0.33340761124303087,-0.5345780573842893,0.28809761228401864,0.7911924670904443,0.07239161815309127
-0.31508895651048036,-0.023717905787587267,0.3333838986061078,-0.5346233783001789,0.28795305900421286,0.7912100665758296,0.07243969722528724
-0.31508809207119837,-0.02373741835876033,0.3333749899806357,-0.5346404037136886,0.2878987512952284,0.7912166710263809,0.07245776155419079
-0.3150879662279651,-0.023740254582443984,0.333373695071171,-0.5346428783786441,0.2878908574060446,0.7912176306716482,0.07246038735305137
