-0.08361260080734781,0.16512738045066513,0.45153237019537396,-0.18761440264770451,0.9536097623937059,0.19208823158104985,-0.13612996831935986
-0.08361717914982904,0.16512422513412678,0.4515413480353159,-0.18762191268185957,0.9536033598586653,0.19209558431843743,-0.13615409076933244
-0.08364866542771356,0.16510251141890342,0.45160311282564364,-0.18767355146726106,0.9535592969071521,0.19214616465332846,-0.13632005270912675
-0.08373237671917468,0.16504466374169924,0.4517675133066195,-0.18781076153737328,0.9534418820882447,0.19228075911022963,-0.1367618550867588
-0.08389174498985587,0.16493405678910686,0.45208125984695563,-0.18807165760914338,0.9532172731403094,0.19253747703349797,-0.13760523873994493
-0.08414806707053747,0.16475483635219515,0.4525880005922581,-0.18849037919097406,0.9528530287456135,0.19295170430535924,-0.13896806240432014
-0.08452018189591691,0.16449170783783945,0.45332839776341716,-0.18909626819597827,0.9523175625125698,0.19355602936609567,-0.1409607214102689
-0.08502409420486252,0.1641297119616765,0.45434020042248896,-0.18991292499436319,0.9515795323295895,0.19438014591373817,-0.1436865806052851
-0.0856725605699397,0.16365400836060356,0.455658309125439,-0.19095718970605619,0.9506071952721448,0.1954507345929444,-0.14724239315995313
-0.08647465091248947,0.16304968885471552,0.4573148271314364,-0.19223808962221123,0.9493677554662515,0.19679132419172363,-0.1517186755223046
-0.08743529678876909,0.1623016426755719,0.4593390923206114,-0.1937557886214582,0.9478267297055439,0.19842213146824192,-0.15720000819010857
-0.08855483686808802,0.16139449603378606,0.46175768373926185,-0.19550057043494176,0.9459473531817371,0.20035987780377557,-0.1637652323740741
-0.08982857026770329,0.16031264782772972,0.4645943967734612,-0.19745188467644192,0.9436900454168451,0.20261758046191602,-0.1714875141420889
-0.09124632979280395,0.15904042200614374,0.46787018136233455,-0.19957748268734668,0.9410119543727282,0.20520431633887398,-0.18043425031765922
-0.09279208960702696,0.1575623549889431,0.47160303840313644,-0.20183266937834957,0.9378665947432698,0.20812495670136014,-0.19066679426247815
-0.09444362530068108,0.15586363350069934,0.4758078705662118,-0.20415969723750813,0.9342035945794995,0.21137987249357879,-0.20223998467966087
-0.09617224851389881,0.1539306940383136,0.4804962851181009,-0.20648732930785405,0.9299685626191561,0.21496461130367991,-0.2152014666828005
-0.09794264290347418,0.1517519898257208,0.48567634802997306,-0.20873059894706622,0.9251030869392393,0.21886954894959024,-0.2295908015171607
-0.09971283291648438,0.14931892435958113,0.4913522906054657,-0.21079079524669678,0.9195448737639054,0.22307952079999963,-0.245438369399389
-0.10143432106285011,0.1466269424113878,0.497524172069195,-0.21255570375197047,0.9132280333757726,0.22757344030393162,-0.2627640788375689
-0.10305243259316862,0.1436767595830879,0.5041875039776125,-0.21390013220714663,0.9060835180301413,0.23232391466807176,-0.28157590534204135
-0.10450690805273066,0.14047570028301765,0.5113328448981183,-0.2146867500753216,0.8980397144960366,0.23729687009285155,-0.30186829242918134
-0.10573278342460668,0.13703910151284526,0.5189453764858762,-0.2147672681834872,0.8890231912913341,0.2424512013466235,-0.3236204579886029
-0.10666159382275137,0.13339172653616455,0.5270044747885001,-0.21398398070353775,0.8789595978016316,0.24773846260635485,-0.34679465909973545
-0.1072229293345489,0.1295691189522034,0.5354832932256133,-0.21217168554379245,0.867774709253353,0.2531026183030063,-0.3713344778524173
-0.10734636014870225,0.12561881477071654,0.5443483761030319,-0.20915999093051343,0.8553956079542814,0.2584798740584866,-0.39716319919295384
-0.10696373224863934,0.12160131884788315,0.5535593235925227,-0.20477600545687633,0.8417519873507175,0.26379860856919607,-0.42418235877650423
-0.10601181470058756,0.11759074376150887,0.5630685306867199,-0.19884739625616374,0.8267775613419824,0.26897942736600317,-0.4522705437206868
-0.10443525528646404,0.11367500526886451,0.5728210235664846,-0.19120578545797606,0.8104115570344312,0.2739353586617629,-0.4812825314794611
-0.10218977373341014,0.10995547032425143,0.5827544169372977,-0.18169043911555358,0.7926002648348096,0.2785722099038424,-0.5110488512726319
-0.09924549237048394,0.10654596255740777,0.5927990150561449,-0.17015218591801895,0.7732986156324942,0.2827891011248514,-0.5413758481620567
-0.09559027449070072,0.10357104719078673,0.6028780772580686,-0.15645748594762218,0.7524717509829179,0.2864791877068456,-0.5720463216160708
-0.09123291325847255,0.10116354323284046,0.6129082657158045,-0.14049255336672475,0.7300965488797709,0.28953058075845417,-0.6028207980552914
-0.08620599127401843,0.09946124544719774,0.6228002888894897,-0.12216742217904702,0.7061630651008083,0.2918274680108894,-0.6334394804240666
-0.08056821566574196,0.09860288132471627,0.6324597486702713,-0.10141983211362039,0.680675848439814,0.29325143207569015,-0.663624897506371
-0.07440602856083989,0.09872337746914754,0.6417881926860769,0.07821880323079708,-0.653655087591358,-0.29368295623194535,0.6930852519754993
-0.06783430039042943,0.09994856293402192,0.6506843657905776,0.052567763977956095,-0.6251375482054737,-0.2930031008294124,0.7215184397632234
-0.06099593549414773,0.10238949075295078,0.6590456466456236,0.02450709891496923,-0.5951772608075814,-0.2910953261560821,0.7486166852337987
-0.054060256742466846,0.10613660913030754,0.6667696468542519,-0.005884010241202158,-0.563845923964948,-0.2878474305103821,0.7740717080478825
-0.04722008803926691,0.11125405602366309,0.6737559416891399,-0.03848656294284456,-0.5312329922925628,-0.28315356555085625,0.7975803098676479
-0.04068751887311758,0.11777438061765422,0.6799078935186553,-0.07314163034297246,-0.49744542557625576,-0.27691628509315563,0.8188502436552338
-0.03468841038685769,0.12569400831102034,0.685134522010755,-0.10965122521532962,-0.46260708332133066,-0.2690485787045693,0.8376062067384408
-0.029455783215445536,0.13496975902284,0.6893523695405042,-0.1477801877763371,-0.4268577582071468,-0.2594758380072217,0.8535957824694366
-0.02522230798594503,0.1455166998905501,0.6924873063517996,-0.18725908936938576,-0.39035185196566946,-0.24813770179957115,0.8665951454174825
-0.02221219357320969,0.15720756248715986,0.6944762182742268,-0.22778811898923132,-0.35325670776484963,-0.23498972614153607,0.8764143425768506
-0.020632829499338753,0.16987388315897128,0.6952685204233646,-0.2690418799128171,-0.3157506238749131,-0.2200048275480032,0.8829019686415666
-0.020666581261466015,0.1833089365900673,0.6948274434493917,-0.31067498711755215,-0.27802058380294864,-0.2031744514398264,0.8859490671836062
-0.022463155985003116,0.19727243267386502,0.6931310445394101,-0.35232832260677555,-0.24025974776148712,-0.1845094239584336,0.8854921112947362
-0.026132947429746603,0.2114968421088273,0.6901729033721138,-0.3936357770444495,-0.20266475886292862,-0.1640404530111152,0.8815149461702573
-0.03174173296028722,0.22569511462241576,0.6859624732730558,-0.4342312838465924,-0.165432924410058,-0.14181825373663962,0.8740496110388507
-0.03930703194824485,0.23956946334421025,0.6805250694958005,-0.4737559373919077,-0.12875933774600418,-0.1179132841375505,0.8631759972062607
-0.048796348907902035,0.2528208170004301,0.6739014893195698,-0.5118649811972349,-0.09283400907387793,-0.09241508801787701,0.8490203409164433
-0.060127421319502404,0.2651584943724323,0.6661472718898862,-0.5482344551779293,-0.05783907428904841,-0.06543125414260052,0.8317525921946209
-0.07317047904859046,0.27630963698241173,0.6573316187774314,-0.5825673033914998,-0.023946149122018635,-0.03708601221821442,0.8115827417208505
-0.08775240796686473,0.2860279479761001,0.6475360084362399,-0.6145987643473767,0.00868610818638984,-0.007518497398124055,0.7887562250683835
-0.10366260342302056,0.29410132681005574,0.6368525484947101,-0.6441008939869591,0.039914168708212995,0.02311927492011847,0.7635485555147756
-0.12066020754519756,0.300358057253982,0.6253821185856225,-0.6708861053248557,0.06961149035246213,0.054664673632904795,0.7362593616040232
