0.015732288360595703
0.03762698173522949
0.038054704666137695
0.03950047492980957
0.039331674575805664
0.04739880561828613
0.035764217376708984
0.04184913635253906
0.04889059066772461
0.04120612144470215
0.036800384521484375
0.04260087013244629
0.041380882263183594
0.03171396255493164
0.047156333923339844
0.05747675895690918
0.04863405227661133
0.04766368865966797
0.0533595085144043
0.041655778884887695
0.04174184799194336
0.04774951934814453
0.037177085876464844
0.04775810241699219
0.03762936592102051
0.031800031661987305
0.036077022552490234
0.0422511100769043
0.031719207763671875
0.03616642951965332
0.03125882148742676
0.042734622955322266
0.05178046226501465
0.04171633720397949
0.027593374252319336
0.04143881797790527
0.04171562194824219
0.047775983810424805
0.03810691833496094
0.03765463829040527
0.04343104362487793
0.03609490394592285
0.04023289680480957
0.050742387771606445
0.03216385841369629
0.03918576240539551
0.04131150245666504
0.03214120864868164
0.047821998596191406
0.037698984146118164
0.04256892204284668
0.03173351287841797
0.04168891906738281
0.04019641876220703
0.037683725357055664
0.03920745849609375
0.04172801971435547
0.03758382797241211
0.04025864601135254
0.04689955711364746
0.04321146011352539
0.031707048416137695
0.0427548885345459
0.05186343193054199
0.04733991622924805
0.04333066940307617
0.04158496856689453
0.03272080421447754
0.0358271598815918
0.04181528091430664
0.0321955680847168
0.047438859939575195
0.037139177322387695
0.042122602462768555
0.041643381118774414
0.03878426551818848
0.04172348976135254
0.04808235168457031
0.03765273094177246
0.041219234466552734
0.03164935111999512
0.051488637924194336
0.047368526458740234
0.04176211357116699
0.0432431697845459
0.047380924224853516
0.041667938232421875
0.03725576400756836
0.030289649963378906
0.026597976684570312
0.031157970428466797
0.03184103965759277
0.04741811752319336
0.04774808883666992
0.037638187408447266
0.0321352481842041
0.042604684829711914
0.03211665153503418
0.03210711479187012
0.03576040267944336
0.03224015235900879
