0.0,0.0,5.023010791207236e-10
2.897279570918244e-06,4.34505514980528e-06,7.489793944524771e-10
2.282949512560676e-05,3.4237534982234136e-05,4.720464074772934e-09
7.588190924368299e-05,0.00011380147027964393,3.464494881823191e-08
0.00017712253698773104,0.0002656378874082001,1.6983234993250776e-07
0.000340622546755352,0.0005108580034248512,6.04539579662853e-07
0.0005794764575866153,0.0008691167687600515,1.7200877687607783e-06
0.0009058221800039218,0.001358646636434695,4.166643692256162e-06
0.001330860935797098,0.001996291446743126,8.950578408106354e-06
0.0018648770817364926,0.0027975403260605083,1.752378969020273e-05
0.002517257853437282,0.003776561508131399,3.1871821005907295e-05
0.0032965130387865626,0.004946235996011298,5.4598028679002215e-05
0.004210294585595447,0.006318190992803204,8.90014407554213e-05
0.005265416145465399,0.007902833039526868,0.00013914631663297265
0.0064678725551499386,0.009709380808801026,0.00020992175632755425
0.00782285925779533,0.011745897513491586,0.00030709002330427235
0.00933479166911011,0.014019322899971896,0.0004373225360948524
0.011007324497489958,0.01653550480606863,0.0006082227525022604
0.012843371032107434,0.019299230274012983,0.0008283354172978689
0.005834989309111612,0.002791118994379045,3.250709375348899e-05
0.007803155744063859,0.004184933856066962,6.553532472666751e-05
0.010013944894844508,0.007207729872401729,0.0001542794673812079
0.012432352304687195,0.01079515322098611,0.00031077785928888477
0.015041336789915134,0.014734047542248305,0.0005479360011660171
0.01783115575368858,0.018968646856876555,0.0008794516190511431
0.012450648603431383,0.003806969153488197,0.00010648248491616766
0.015391422198104195,0.007392172415831815,0.00022796942172283516
0.01855475730595329,0.012108180896306097,0.00046585074452166
0.02191308225413096,0.017255887705346473,0.0008364017165500891
0.017342222412283483,0.003722633374135697,0.00017805153990136253
0.02083237280078974,0.007827573742526458,0.00033980182002569083
0.024537827353551672,0.013455892916871298,0.0006637652176001071
0.020502626355003984,0.0037474053361849563,0.0002380656358070304
0.024310443299016198,0.005585133352308213,0.0003580410215083002
0.02833600292317849,0.011642978746777194,0.0006731069348134531
0.02489783498780869,0.0038927047737575752,0.0003400330698651
0.029019663117289894,0.00570067522747476,0.00048624206518501614
0.033340384598693776,0.012352603695077513,0.0008615567358851368
0.030423962122698087,0.0033928893726085977,0.0004857155735543592
0.034833026808536866,0.00805421998043404,0.0007367395604771581
0.032550204195330876,0.004267051768676836,0.0005658947490370124
0.03705180171805491,0.005549483504109633,0.0007482081134877852
0.03553471626872105,0.004318056924167007,0.0006683525382496069
0.04013631137157398,0.005329252375501216,0.0008624699165911483
0.039226582926317644,0.00325387362198769,0.0007903335504561307
0.03952231569750562,0.0045907407219974395,0.0008228206528027258
0.040410196076423745,0.004743499322492026,0.0008611415842939556
0.04134096530553584,0.004824506410878771,0.0009007255642727388
0.04224879638700077,0.004923101391904033,0.0009405782485120484
0.043130489260644334,0.005026092109790941,0.0009802545806177419
0.04276763837893765,0.0024266906062533566,0.0009264102353308183
0.04291915684344607,0.002610510072599678,0.0009344378009651235
0.04328527867702756,0.004670203465863536,0.0009800511646105067
0.042756121138435674,0.002528832232325713,0.0009269339300920824
0.042906543866953105,0.0025437673333765904,0.0009332075373644746
0.043258632728111424,0.004594081794561473,0.000977482975201355
0.04269251333545669,0.002502945973473615,0.000923958058807691
0.04280068045420696,0.0025001225945707017,0.0009282281098703605
0.043111725144306175,0.004521784084145005,0.0009698159974593783
0.042513888294077415,0.0024222862083260726,0.0009155543945365655
0.042044527005993225,0.003868729654641432,0.0009134590459598618
0.04259424609771555,0.004617079457632363,0.0009493646834159674
0.04320503545797169,0.004828226223414073,0.0009795367265745443
0.04274571998697615,0.002051266866039837,0.0009221084402320676
0.042157970741322874,0.003864755821611976,0.0009181624740513282
0.04252827030272357,0.004626805224769466,0.0009467214120872187
0.04293737990532306,0.0048640237838609695,0.0009686837388022841
0.04328179707434294,0.005008540623203249,0.000986367585002971
0.04291045456649233,0.0014225437516870824,0.000924761594658302
0.04218767934880671,0.0038958156501605664,0.0009198814702237941
0.042247730439994156,0.004723322283684069,0.0009366089671269754
0.04227520282000124,0.005069815455274795,0.0009445212695164734
0.04216266765994358,0.0053283373450084244,0.0009451174104868489
0.041845129089587485,0.005606229004063811,0.0009378262020787412
0.04444786266634336,0.0008466664083708024,0.0009891835472641388
0.04351188273325062,0.004342813896704314,0.0009847228287115618
0.042810270427538176,0.005474317918580947,0.0009767616295428517
0.041042340169413764,0.006897524080817872,0.0009379789206112792
0.043093111665946336,0.0027564620188163993,0.0009439425759094058
0.04220088962997023,0.004920179041391767,0.0009392828418182516
0.043998969512776334,0.0015044937629301622,0.000972585791280953
0.0427505713120366,0.004669808369097624,0.0009577980591988534
0.04428473936552637,0.001758319134194539,0.0009868720799021732
0.04281408930021601,0.004945454697112735,0.0009658367363363947
0.04408890214970883,0.0024189300309457014,0.0009838026145940857
0.04221145218503699,0.0056278228069366444,0.0009547042143142941
0.04323714615224466,0.003528140788404028,0.0009599050070007608
0.04415435936144367,0.0017166981009622444,0.0009808293831987868
0.041962441848064636,0.005595793532860639,0.0009434976784370182
0.042650782591743944,0.004182416941627788,0.0009448633546590567
0.04324089686140093,0.002991644566537729,0.0009530228942523489
0.04373703138419876,0.002023344674357024,0.0009648051897318415
0.04414451857779791,0.0012947156885772908,0.0009778080787020884
0.044469701821611855,0.0008683449810702351,0.0009903180468705953
0.04176213428710501,0.005508325532274526,0.0009331583417713631
0.04194113112573808,0.005137349203421801,0.000932721216582572
0.042063820405840155,0.004883717125028844,0.0009327707164347529
0.04213985623261476,0.004726812283998128,0.0009329434416934246
0.04217972064470672,0.004644639981840935,0.0009330773433039551
0.04219470154539771,0.004613776492224198,0.0009331353623312498
0.04219687927847859,0.004609290713203333,0.0009331441463845021
