0.017441511154174805
0.010002374649047852
0.011584997177124023
0.011886835098266602
0.01606464385986328
0.016073226928710938
0.016188859939575195
0.011534929275512695
0.01078486442565918
0.015752077102661133
0.010035991668701172
0.011584997177124023
0.015583992004394531
0.01566457748413086
0.011727333068847656
0.025799274444580078
0.010154008865356445
0.013084650039672852
0.021253108978271484
0.0194852352142334
0.0010673999786376953
0.01608109474182129
0.016037940979003906
0.009459495544433594
0.014217138290405273
0.009383201599121094
0.010001659393310547
0.018319368362426758
0.012765169143676758
0.013104438781738281
0.010003328323364258
0.0160372257232666
0.011507034301757812
0.010503292083740234
0.01555490493774414
0.01600480079650879
0.005513191223144531
0.014803886413574219
0.01575636863708496
0.010036468505859375
0.011533737182617188
0.006006002426147461
0.01002955436706543
0.016031265258789062
0.0
0.011632680892944336
0.01573920249938965
0.010102272033691406
0.016090869903564453
0.016102075576782227
0.015569210052490234
0.01384878158569336
0.012588262557983398
0.010001182556152344
0.01600790023803711
0.006086587905883789
0.015703201293945312
0.011572122573852539
0.010001897811889648
0.015624046325683594
0.014086723327636719
0.010001659393310547
0.015512943267822266
0.015594482421875
0.01571202278137207
0.008424520492553711
0.0
0.020179033279418945
0.025824785232543945
0.01610875129699707
0.011642694473266602
0.01003265380859375
0.010061264038085938
0.0
0.015730857849121094
0.008535385131835938
0.006115436553955078
0.010114908218383789
0.007189035415649414
0.015240192413330078
0.010565757751464844
0.016068458557128906
0.0060884952545166016
0.0
0.011159420013427734
0.010085821151733398
0.015926599502563477
0.0157012939453125
0.010572195053100586
0.015583276748657227
0.005612373352050781
0.0
0.01230931282043457
0.015047073364257812
0.016215085983276367
0.010468006134033203
0.01178884506225586
0.01623392105102539
0.01248931884765625
0.021903276443481445
0.010920047760009766
