0.05496819866021833,0.4277296376290258,0.22729101373646135,0.4365947217471815,0.803118339040967,0.28546422420983286,0.28791693096248744
0.05496819866021833,0.4277296376290258,0.22729101373646135,0.4365947217471815,0.803118339040967,0.28546422420983286,0.28791693096248744
0.05496819866021833,0.4277296376290258,0.22729101373646135,0.4365947217471815,0.803118339040967,0.28546422420983286,0.28791693096248744
0.05496819866021833,0.4277296376290258,0.22729101373646135,0.4365947217471815,0.803118339040967,0.28546422420983286,0.28791693096248744
0.05496819866021833,0.4277296376290258,0.22729101373646135,0.4365947217471815,0.803118339040967,0.28546422420983286,0.28791693096248744
0.05496819866021833,0.4277296376290258,0.22729101373646135,0.4365947217471815,0.803118339040967,0.28546422420983286,0.28791693096248744
0.05496819866021833,0.4277296376290258,0.22729101373646135,0.4365947217471815,0.803118339040967,0.28546422420983286,0.28791693096248744
0.05496819866021833,0.4277296376290258,0.22729101373646135,0.4365947217471815,0.803118339040967,0.28546422420983286,0.28791693096248744
0.05496819866021833,0.4277296376290258,0.22729101373646135,0.4365947217471815,0.803118339040967,0.28546422420983286,0.28791693096248744
0.05496819866021833,0.4277296376290258,0.22729101373646135,0.4365947217471815,0.803118339040967,0.28546422420983286,0.28791693096248744
0.05496819866021833,0.4277296376290258,0.22729101373646135,0.4365947217471815,0.803118339040967,0.28546422420983286,0.28791693096248744
0.05496819866021833,0.4277296376290258,0.22729101373646135,0.4365947217471815,0.803118339040967,0.28546422420983286,0.28791693096248744
0.05496819866021833,0.4277296376290258,0.22729101373646135,0.4365947217471815,0.803118339040967,0.28546422420983286,0.28791693096248744
0.05496819866021833,0.4277296376290258,0.22729101373646135,0.4365947217471815,0.803118339040967,0.28546422420983286,0.28791693096248744
0.05496819866021833,0.4277296376290258,0.22729101373646135,0.4365947217471815,0.803118339040967,0.28546422420983286,0.28791693096248744
0.05496819866021833,0.4277296376290258,0.22729101373646135,0.4365947217471815,0.803118339040967,0.28546422420983286,0.28791693096248744
0.05496819866021833,0.4277296376290258,0.22729101373646135,0.4365947217471815,0.803118339040967,0.28546422420983286,0.28791693096248744
0.05496819866021833,0.4277296376290258,0.22729101373646135,0.4365947217471815,0.803118339040967,0.28546422420983286,0.28791693096248744
0.05496819866021833,0.4277296376290258,0.22729101373646135,0.4365947217471815,0.803118339040967,0.28546422420983286,0.28791693096248744
0.06252553521138267,0.42199726301999135,0.22381719908153527,0.45398332245312895,0.7991159902903578,0.27164167787347876,0.28552333676734803
0.06252553521138267,0.42199726301999135,0.22381719908153527,0.45398332245312895,0.7991159902903578,0.27164167787347876,0.28552333676734803
0.06252553521138267,0.42199726301999135,0.22381719908153527,0.45398332245312895,0.7991159902903578,0.27164167787347876,0.28552333676734803
0.06252553521138267,0.42199726301999135,0.22381719908153527,0.45398332245312895,0.7991159902903578,0.27164167787347876,0.28552333676734803
0.06252553521138267,0.42199726301999135,0.22381719908153527,0.45398332245312895,0.7991159902903578,0.27164167787347876,0.28552333676734803
0.06252553521138267,0.42199726301999135,0.22381719908153527,0.45398332245312895,0.7991159902903578,0.27164167787347876,0.28552333676734803
0.07086885250058916,0.416243441859852,0.22085942447295107,0.4711873545730917,0.7953366241379155,0.25503864283581823,0.2835091212920308
0.07086885250058916,0.416243441859852,0.22085942447295107,0.4711873545730917,0.7953366241379155,0.25503864283581823,0.2835091212920308
0.07086885250058916,0.416243441859852,0.22085942447295107,0.4711873545730917,0.7953366241379155,0.25503864283581823,0.2835091212920308
0.07086885250058916,0.416243441859852,0.22085942447295107,0.4711873545730917,0.7953366241379155,0.25503864283581823,0.2835091212920308
0.07829751866707413,0.4112513456148322,0.21860495300760802,0.4856354521704759,0.7918551698587603,0.23983320201843644,0.2821411575306147
0.07829751866707413,0.4112513456148322,0.21860495300760802,0.4856354521704759,0.7918551698587603,0.23983320201843644,0.2821411575306147
0.07829751866707413,0.4112513456148322,0.21860495300760802,0.4856354521704759,0.7918551698587603,0.23983320201843644,0.2821411575306147
0.07829751866707413,0.4112513456148322,0.21860495300760802,0.4856354521704759,0.7918551698587603,0.23983320201843644,0.2821411575306147
0.08682098155994396,0.40505302938020893,0.21601217464749156,0.5026755516924851,0.7868317297998708,0.2224976011956282,0.2805493471262939
0.08682098155994396,0.40505302938020893,0.21601217464749156,0.5026755516924851,0.7868317297998708,0.2224976011956282,0.2805493471262939
0.08682098155994396,0.40505302938020893,0.21601217464749156,0.5026755516924851,0.7868317297998708,0.2224976011956282,0.2805493471262939
0.09417062077815638,0.3998581751850923,0.2141362562032751,0.5164439075604136,0.7824538339475052,0.2071595272243803,0.2795292799775221
0.09417062077815638,0.3998581751850923,0.2141362562032751,0.5164439075604136,0.7824538339475052,0.2071595272243803,0.2795292799775221
0.09417062077815638,0.3998581751850923,0.2141362562032751,0.5164439075604136,0.7824538339475052,0.2071595272243803,0.2795292799775221
0.10186971761698282,0.3940270319172622,0.2121911386237919,0.5312102164292419,0.7770260415202355,0.19115051125823246,0.27840208118171017
0.10186971761698282,0.3940270319172622,0.2121911386237919,0.5312102164292419,0.7770260415202355,0.19115051125823246,0.27840208118171017
0.10762517599820715,0.390000940649247,0.21102941550358528,0.5410494870588,0.7732696478293067,0.1790428343728576,0.27796252941553645
0.10762517599820715,0.390000940649247,0.21102941550358528,0.5410494870588,0.7732696478293067,0.1790428343728576,0.27796252941553645
0.11331666510769461,0.38565420816879403,0.20977581300913367,0.5512873076801279,0.7688610529833042,0.1673566386092556,0.2773567037401683
0.11331666510769461,0.38565420816879403,0.20977581300913367,0.5512873076801279,0.7688610529833042,0.1673566386092556,0.2773567037401683
0.11912099890672351,0.38107385765044055,0.2085767359221478,0.5617394790213113,0.7640342013045814,0.15534402392189833,0.27671055487185303
0.12287068513337845,0.37877061434600806,0.207996880510947,0.566693275700412,0.761803791033324,0.1479363527977572,0.2768186243085716
0.12628553487186797,0.37633127055233523,0.2072343750860659,0.5718212072354518,0.7591975036568053,0.14180265021859811,0.27664357174539156
0.12970853342765232,0.3738252778718813,0.20648572527261955,0.5769945560797111,0.7564999951739576,0.13562924208711719,0.2763869538293252
0.1331422992215807,0.3712774963094851,0.2057672189793948,0.5821537378544575,0.7537306506944496,0.12940522218512296,0.27611848937915157
0.13657955879272715,0.36869477390053657,0.20508042902799806,0.5872817127728354,0.7508898916651512,0.12315614920795392,0.27585707050929603
0.14153242690000217,0.3679484272698483,0.2039330039914235,0.5870279383256733,0.7513239378891523,0.11859234871789,0.2772118229899675
0.14556638144895434,0.36319281098069667,0.20260893016960574,0.5967093001442295,0.7453306743490458,0.1116760541721586,0.27558783703261974
0.1490624981525807,0.3603404591945868,0.20207895638955994,0.6021138028018569,0.7421274268332521,0.10485586654768282,0.27515649741170456
0.1540140365959719,0.35946180957446666,0.20106373382963058,0.601836252870991,0.7424731812528857,0.10011905299701732,0.2765915311021012
0.1578747201860045,0.3546507119423092,0.19997784720576872,0.6112307440880874,0.7362757016159123,0.09325084493332074,0.27495335715488295
0.161223094563931,0.3517625873507148,0.19960512146877718,0.6164071789945015,0.7329165656845884,0.08654327548321321,0.2745646716126919
0.16603866370441453,0.3507923713557683,0.19869319278315953,0.6160594265440862,0.7331596568520355,0.08201595258209747,0.2760816619278216
0.16970725366129488,0.3459927906404276,0.19785101088902726,0.6250614500055918,0.7268538676626247,0.07521470972820961,0.27445288524862005
0.17288451602522484,0.3431182516332776,0.19762799124770658,0.6299395095348406,0.7234079490810634,0.06869083114144298,0.2741144345897014
0.17592837388033764,0.3404328753494594,0.19743198616311777,0.6343482267619084,0.7201480611426209,0.06263377687092346,0.2739819469078753
0.18038136292464024,0.3394297949369418,0.19659118947160104,0.6338355715356776,0.7203231793144365,0.058926127685570436,0.2755262184881266
0.1838080014582071,0.334739378206293,0.19605882953413575,0.6421860635995212,0.7140104469748522,0.052200150471021424,0.27397314762605157
0.18676461697910654,0.33195147452250284,0.19600381419118804,0.6465791702472905,0.7105590689468618,0.04599284864630279,0.2737258555801633
0.18958526451599503,0.32935887502064104,0.19594478773179913,0.6505220081950212,0.7073192671965005,0.04034073028498733,0.2736662138200414
0.19234104482092113,0.32680880099900916,0.195880881184385,0.6543192242779131,0.7041084571372012,0.0349630939714887,0.2736333594212537
0.19620395119265652,0.32584324900887035,0.19511170663621158,0.6536653619995417,0.7043091861941467,0.03237017847231713,0.2749951568850209
0.19928329189119165,0.3214841857484684,0.1949175682328772,0.6609404940357235,0.6982859172042437,0.025940195051704102,0.27364492953227015
0.201965891398734,0.31889672161467264,0.19501495447188286,0.664638715879129,0.6949976625315581,0.02027199401922083,0.27353733326311624
0.20453237160955004,0.3164889614329956,0.19505613197940858,0.6679425061214103,0.6919380954764279,0.015276984426377548,0.2735710041132644
0.20705979981365918,0.31413054320150985,0.19506662954402115,0.6710898254756589,0.6889581927255565,0.010595447707142755,0.27361065642125487
0.20958744689388906,0.3118066829000289,0.19506142515075914,0.6740912508440884,0.686058679351828,0.006089194345887806,0.27365561520585724
0.2121480182633805,0.30949820274990014,0.19503378702723867,0.6769638994578797,0.6832279327097026,0.0017332409479115121,0.2737087259694588
0.2148065304541473,0.30717230903356757,0.1949686568481421,0.6797240008422044,0.6804525845188351,-0.0025065511433035857,0.2737759669913895
0.2148065304541473,0.30717230903356757,0.1949686568481421,0.6797240008422044,0.6804525845188351,-0.0025065511433035857,0.2737759669913895
0.21742241230114187,0.30403382334267265,0.19522843869785506,0.6841405216713631,0.6761067780473855,-0.00836359537399182,0.2734253491504379
0.220039778641323,0.30180828109524627,0.1953893525534883,0.6866167870219254,0.673366821404684,-0.013191660592392315,0.27378913729703647
0.22351246933166727,0.29899041446537494,0.1951406538025424,0.6894631196590876,0.670260851758261,-0.01746293209369836,0.2740183264545279
0.22351246933166727,0.29899041446537494,0.1951406538025424,0.6894631196590876,0.670260851758261,-0.01746293209369836,0.2740183264545279
0.2257551127794016,0.29660571157601157,0.19525992392729938,0.6924180165887309,0.6671830944911507,-0.021660234044740906,0.2737788212949775
0.2257551127794016,0.29660571157601157,0.19525992392729938,0.6924180165887309,0.6671830944911507,-0.021660234044740906,0.2737788212949775
0.2280403648191536,0.29408293597515534,0.19554120705042585,0.6955771739672543,0.663737359665054,-0.02647674349225887,0.2737226598121459
0.2280403648191536,0.29408293597515534,0.19554120705042585,0.6955771739672543,0.663737359665054,-0.02647674349225887,0.2737226598121459
0.2303361707325948,0.29169399017583286,0.1958183912110828,0.6983975920330572,0.6605217115400063,-0.03110734532568566,0.2738324398121535
0.2303361707325948,0.29169399017583286,0.1958183912110828,0.6983975920330572,0.6605217115400063,-0.03110734532568566,0.2738324398121535
0.23281516747122766,0.2893707907864435,0.195990105326415,0.7008592336448061,0.6575966921482066,-0.03536961073441007,0.27406553181136867
0.23281516747122766,0.2893707907864435,0.195990105326415,0.7008592336448061,0.6575966921482066,-0.03536961073441007,0.27406553181136867
0.23281516747122766,0.2893707907864435,0.195990105326415,0.7008592336448061,0.6575966921482066,-0.03536961073441007,0.27406553181136867
0.23520439863354198,0.28699050676963456,0.1961244865378385,0.7034472070518415,0.6545887451274751,-0.03934315277027132,0.2740943596163484
0.23520439863354198,0.28699050676963456,0.1961244865378385,0.7034472070518415,0.6545887451274751,-0.03934315277027132,0.2740943596163484
0.23520439863354198,0.28699050676963456,0.1961244865378385,0.7034472070518415,0.6545887451274751,-0.03934315277027132,0.2740943596163484
0.23520439863354198,0.28699050676963456,0.1961244865378385,0.7034472070518415,0.6545887451274751,-0.03934315277027132,0.2740943596163484
0.23520439863354198,0.28699050676963456,0.1961244865378385,0.7034472070518415,0.6545887451274751,-0.03934315277027132,0.2740943596163484
0.23520439863354198,0.28699050676963456,0.1961244865378385,0.7034472070518415,0.6545887451274751,-0.03934315277027132,0.2740943596163484
0.23520439863354198,0.28699050676963456,0.1961244865378385,0.7034472070518415,0.6545887451274751,-0.03934315277027132,0.2740943596163484
0.2374591943398161,0.2846657393378383,0.1963531864958839,0.7059955933617492,0.6515612694826058,-0.043465919930603336,0.274132902199997
0.2374591943398161,0.2846657393378383,0.1963531864958839,0.7059955933617492,0.6515612694826058,-0.043465919930603336,0.274132902199997
0.2374591943398161,0.2846657393378383,0.1963531864958839,0.7059955933617492,0.6515612694826058,-0.043465919930603336,0.274132902199997
0.2374591943398161,0.2846657393378383,0.1963531864958839,0.7059955933617492,0.6515612694826058,-0.043465919930603336,0.274132902199997
0.2374591943398161,0.2846657393378383,0.1963531864958839,0.7059955933617492,0.6515612694826058,-0.043465919930603336,0.274132902199997
0.2374591943398161,0.2846657393378383,0.1963531864958839,0.7059955933617492,0.6515612694826058,-0.043465919930603336,0.274132902199997
