0.011598587036132812
0.005068540573120117
0.007886171340942383
0.011041641235351562
0.006042003631591797
0.016004323959350586
0.010001659393310547
0.003008604049682617
0.0
0.0
0.008554697036743164
0.01000213623046875
0.0
0.0
0.0
0.0
0.0
0.0
0.0
0.010001897811889648
0.011477231979370117
0.010030508041381836
0.0166475772857666
0.013617992401123047
0.007632017135620117
0.009052515029907227
0.008503198623657227
0.010444402694702148
0.010001897811889648
0.01600956916809082
0.010028600692749023
0.009508848190307617
0.015712261199951172
0.011054277420043945
0.020629167556762695
0.0076634883880615234
0.008940696716308594
0.006006002426147461
0.010123252868652344
0.010038375854492188
0.011016130447387695
0.008975744247436523
0.016004562377929688
0.00559544563293457
0.015834808349609375
0.015714645385742188
0.0
0.010001897811889648
0.010001897811889648
0.0
0.016004085540771484
0.005583047866821289
0.012083053588867188
0.015709877014160156
0.010001897811889648
0.01000213623046875
0.016612529754638672
0.0
0.0
0.011591196060180664
0.015623092651367188
0.01562356948852539
0.009038209915161133
0.010001659393310547
0.0
0.015722036361694336
0.018628597259521484
0.01571059226989746
0.010001420974731445
0.010509729385375977
0.015559196472167969
0.01569962501525879
0.009054899215698242
0.01000213623046875
0.010001897811889648
0.009511947631835938
0.010009050369262695
0.0060024261474609375
0.0
0.015558719635009766
0.015710115432739258
0.015088319778442383
0.004503011703491211
0.015623331069946289
0.015737056732177734
0.011606454849243164
0.010503292083740234
0.015115022659301758
0.014002799987792969
0.006014108657836914
0.015224695205688477
0.017277956008911133
0.0
0.01014566421508789
0.010114192962646484
0.00901341438293457
0.009060382843017578
0.009535074234008789
0.008417129516601562
0.008539915084838867
0.009444475173950195
