-0.26180183480884434,-2.00713313457073,1.5707930236904675,0.17452648430625828,0.2617899840630569,1.134497364037917,-2.0071296348042824
-0.26180915908590385,-2.0071310639487008,1.5707906145255914,0.17452814895259383,0.26179036215301066,1.1344972785060976,-2.0071293385678137
-0.2618595474858517,-2.007116818796559,1.5707740403468335,0.17453960111001804,0.2617929632159441,1.1344966901215179,-2.0071273005491617
-0.26199366394511026,-2.0070789026052664,1.5707299259785716,0.17457008273634297,0.26179988575308977,1.134495123972884,-2.0071218755283384
-0.2622496025835728,-2.007006543336136,1.5706457429401761,0.17462825153974035,0.2618130931041534,1.134492134819099,-2.007111520241514
-0.2626629410901433,-2.0068896757564496,1.570509793670864,0.17472219285780002,0.2618344131671732,1.1344873061339233,-2.0070947886827173
-0.2632667940594563,-2.0067189230800335,1.5703111962883676,0.17485943147338368,0.2618655371159276,1.1344802489356716,-2.007070326734337
-0.26409186629853637,-2.0064855780759108,1.5700398697244713,0.17504694336056803,0.2619080175119393,1.1344706006034682,-2.007036866255525
-0.26516650609948295,-2.006181583868919,1.5696865190859837,0.17529116739881842,0.2619632660292535,1.134458023621786,-2.0069932188665214
-0.26651675847953826,-2.0057995146087735,1.5692426211068646,0.17559801706992387,0.2620325510280297,1.1344422043030686,-2.0069382696005427
-0.2681664183857903,-2.0053325561670765,1.5687004095723087,0.17597289215398101,0.26211699518058124,1.1344228515127368,-2.0068709705814496
-0.27013708385926094,-2.0047744870025945,1.5680528606104718,0.1764206904405634,0.2622175733280679,1.1343996954068636,-2.0067903348676777
-0.27244820915358176,-2.004119659314987,1.5672936777605995,0.17694581946589458,0.262335110724215,1.1343724862071036,-2.006695430580371
-0.27511715780266494,-2.003362980590194,1.5664172767398656,0.17755220828705828,0.2624702817984679,1.1343409930239956,-2.0065853754180965
-0.2781592556327773,-2.0024998956236253,1.565418769843678,0.1782433193021366,0.26262360954929753,1.134305002740186,-2.006459331643047
-0.2815878437159371,-2.001526369091474,1.5642939499261779,0.17902216012387268,0.2627954656571628,1.134264318961922,-2.006316501607898
-0.2854143312641205,-2.000438868725205,1.5630392739188423,0.17989129551213492,0.2629860713869092,1.1342187610506287,-2.0061561238763503
-0.28964824846589854,-1.9992343491307663,1.5616518458561601,0.18085285937082332,0.2631954993292512,1.1341681632366505,-2.0059774699780375
-0.2942972992706257,-1.9979102362805443,1.5601293993873262,0.18190856681265968,0.2634236760132731,1.1341123738219017,-2.0057798418240247
-0.2993674141285079,-1.9964644126939521,1.5584702797625485,0.18305972629462863,0.26367038540447346,1.134051254475317,-2.0055625697972173
-0.3048628026981496,-1.994895203311185,1.556673425291612,0.18430725182614704,0.2639352732866433,1.133984679623114,-2.005325011520872
-0.31078600653645183,-1.9932013620542248,1.5547383482807815,0.1856516752513428,0.2642178525108668,1.133912535934082,-2.0050665512981376
-0.3171379517890868,-1.9913820590591242,1.552665115461779,0.18709315860520215,0.26451750908171195,1.1338347219039877,-2.0047866002050867
-0.32391800190191183,-1.9894368685553079,1.5504543279341088,0.1886315065442293,0.26483350903744723,1.133751147533495,-2.0044845968129916
-0.3311240103766984,-1.987365757358813,1.5481071006482123,0.1902661788494597,0.2651650060712259,1.1336617341045883,-2.0041600085055054
-0.3387523735954991,-1.9851690739398278,1.5456250414633483,0.19199630300106046,0.2655110498294435,1.1335664140481192,-2.0038123333521205
-0.3467980837396192,-1.9828475380178454,1.5430102298191644,0.1938206868214606,0.26587059481614084,1.1334651309031358,-2.003441102491498
-0.3552547818293408,-1.9804022306322866,1.5402651950648039,0.19573783118390006,0.26624250982518427,1.1333578393640218,-2.0030458829740656
-0.36411481091018233,-1.9778345846315162,1.537392894493538,0.19774594278271812,0.26662558781655515,1.1332445054100204,-2.0026262810092876
-0.373369269410644,-1.975146375518886,1.5343966911342666,0.19984294696049648,0.26701855614940406,1.133125106513528,-2.0021819455590504
-0.38300806469460263,-1.9723397125911093,1.5312803313540564,0.20202650058667096,0.26742008708179904,1.1329996319214655,-2.0017125722163955
-0.39301996682901147,-1.96941703030173,1.5280479223281078,0.20429400498187325,0.2678288084457208,1.1328680830014468,-2.0012179073073924
-0.40339266258492157,-1.966381079780317,1.524703909434724,0.20664261888061006,0.26824331440629645,1.1327304736489066,-2.000697752151741
-0.41411280968581227,-1.9632349204372284,1.5212530536339373,0.20906927142552995,0.26866217621483807,1.1325868307437186,-2.0001519674188617
-0.4251660913136455,-1.9599819115831245,1.5177004088882144,0.21157067518476588,0.26908395286805864,1.1324371946502858,-1.9995804775150627
-0.43653727087837046,-1.956625703992903,1.514051299683218,0.21414333918402526,0.26950720158876146,1.1322816197508274,-1.998983274939079
-0.4482102470519983,-1.9531702313447301,1.5103112987052623,0.21678358194442354,0.26993048804755376,1.1321201750021415,-1.9983604245443556
-0.46016810906354366,-1.949619701466551,1.5064862047301057,0.219487544516557,0.27035239625006463,1.1319529445063647,-1.9977120676481759
-0.4723931922459527,-1.94597858732489,1.5025820207752776,0.222251203501555,0.2707715380195301,1.131780028083416,-1.9970384259305707
-0.48486713382146546,-1.9422516176936313,1.498604932564766,0.22507038404900764,0.27118656201097474,1.1316015418362189,-1.9963398050677645
-0.49757092890669596,-1.9384437674441468,1.4945612873513705,0.22794077282248423,0.2715961621993492,1.1314176186951994,-1.9956165980489455
-0.5104849867143114,-1.9345602474020758,1.490457573137597,0.2308579309228246,0.2719990857910929,1.1312284089323525,-1.9948692881274985
-0.5235891869237232,-1.930606493720671,1.486300398331356,0.23381730676004328,0.2723941405153255,1.131034080632604,-1.9940984513619537
-0.5368629361891872,-1.9265881567255367,1.4820964718676246,0.23681424886508082,0.2727802012579677,1.1308348201110718,-1.9933047587054036
-0.5502852247502402,-1.922511089190851,1.4778525838217655,0.2398440186330861,0.27315621600906914,1.1306308322649088,-1.9924889776059895
-0.5638346831063514,-1.918381334012704,1.473575586534472,0.2429018029904979,0.273521211100578,1.130422340849759,-1.9916519730847235
-0.5774896387150267,-1.9142051112509941,1.4692723762625741,0.2459827269794124,0.27387429571826033,1.1302095886686754,-1.9907947082615243
-0.5912281726708704,-1.9099888045171771,1.4649498753637866,0.24908186625303863,0.27421466567811836,1.1299928376650688,-1.989918244303565
-0.605028176321673,-1.9057389466911716,1.4606150150176245,0.2521942594774443,0.2745416064635734,1.1297723689096089,-1.9890237397746193
-0.6188674077768901,-1.9014622049567176,1.4562747184787614,0.2553149206357757,0.27485449552543256,1.1295484824721842,-1.98811244936796
-0.6327235482639545,-1.8971653651504148,1.4519358848532444,0.25843885123197874,0.27515280385204205,1.129321497172086,-1.9871857220090494
-0.6465742582882602,-1.8928553154255041,1.447605373382563,0.261561052392631,0.2754360968218049,1.1290917501981932,-1.9862449983187545
-0.6603972335540511,-1.8885390292371065,1.4432899882151458,0.26467653686612036,0.27570403435486873,1.1288595965946273,-1.9852918074310566
-0.6741702606050798,-1.8842235476610882,1.4389964636401305,0.26778034092004604,0.2759563703846925,1.1286254086057121,-1.9843277631637384
-0.6878712721464509,-1.8799159610639,1.4347314497536512,0.2708675361384172,0.2761929516739662,1.128389574877386,-1.983354559543805
-0.7014784020119186,-1.8756233901456074,1.4305014985240199,0.2739332411215551,0.2764137160025499,1.128152499511977,-1.9823739656935269
-0.7149700397444445,-1.8713529663828838,1.426313050218686,0.2769726330924584,0.2766186897580073,1.127914600975199,-1.981387820086566
-0.7283248847617719,-1.867111811902919,1.4221724201530628,0.27998095941443213,0.2768079849618536,1.127676310854899,-1.9803980241875014
-0.7415220000831806,-1.8629070188229835,1.4180857857190197,0.28295354902553743,0.27698179576689563,1.127438072472815,-1.9794065354916996
-0.754540865598465,-1.858745628093806,1.4140591736492487,0.28588582379613625,0.2771403944630596,1.1272003393519794,-1.9784153599860892
-0.7673614308652416,-1.8546346078878795,1.4100984474728073,0.28877330981663807,0.27728412703076866,1.1269635735426,-1.9774265440554242
-0.7799641674262983,-1.8505808315764194,1.4062092951167064,0.2916116486227823,0.2774134082825831,1.1267282438122341,-1.9764421658617943
-0.7923301206443066,-1.8465910553408296,1.4023972166088232,0.29439660836643916,0.2775287166351308,1.1264948237058723,-1.9754643262291578
-0.804440961057166,-1.842671895466285,1.3986675118382963,0.29712409494013403,0.27763058855459394,1.1262637894833967,-1.9744951390681371
-0.8162790352632516,-1.8388298053663845,1.3950252683310713,0.29979016306367673,0.27771961272013423,1.126035617942894,-1.9735367213798678
-0.8278274163519231,-1.835071052388786,1.391475349000239,0.3023910273412712,0.2777964239506493,1.1258107841400664,-1.972591182880993
-0.839069953900631,-1.831401694452284,1.3880223798334381,0.3049230732976999,0.2778616969410759,1.1255897590136814,-1.9716606152956078
-0.8499913235659348,-1.8278275565660167,1.3846707374824165,0.30738286840178763,0.2779161398553036,1.1253730069293792,-1.9707470813627859
-0.8605770763015139,-1.8243542072813654,1.3814245367231597,0.3097671730852524,0.27796048782342836,1.1251609831547225,-1.9698526036113884
-0.8708136872416249,-1.8209869351265922,1.3782876177586436,0.31207295176491906,0.2779954963915558,1.1249541312780875,-1.968979152956982
-0.8806886042937306,-1.8177307250735801,1.3752635333398582,0.3142973838755723,0.2780219349729186,1.1247528805869196,-1.9681286371774793
-0.8901902964885714,-1.8145902350848804,1.3723555356848252,0.31643787492075764,0.27804058034917833,1.1245576434189235,-1.9673028893270283
-0.8993083021401685,-1.8115697727880415,1.36956656317906,0.3184920675480095,0.27805221027095495,1.1243688125023985,-1.9665036561487443
-0.9080332768717643,-1.808673272322556,1.36689922684489,0.32045785265475346,0.2780575972064195,1.1241867583010081,-1.9657325865485222
-0.9163570415664388,-1.805904271402905,1.364355796570808,0.32233338053069766,0.278057502286331,1.124011826377805,-1.9649912201931135
-0.9242594609636684,-1.8032342557511578,1.3619573836901269,0.32413316671628584,0.27807215842866034,1.1237458617808909,-1.9643182415912708
-0.9317611148292839,-1.800729180765953,1.3596671052312181,0.32582366822144315,0.2780631523371915,1.123586313261305,-1.9636407620479768
-0.938844495248945,-1.7983596149135408,1.3575053556506502,0.3274200362187211,0.27805083303903744,1.123434730820134,-1.9629968169595615
-0.945506564361227,-1.7961272863442626,1.3554728978139647,0.328921570686199,0.2780358612177924,1.123291335907239,-1.9623873999067714
-0.951745690330477,-1.794033416737641,1.3535700808954831,0.3303278874155236,0.27801886049212204,1.1231563127310882,-1.9618133422876383
-0.9575616961314973,-1.7920787004449428,1.351796825155774,0.3316389294637445,0.2780004134904301,1.1230298060563781,-1.96127530394563
-0.9629559086760839,-1.7902632840826231,1.350152606496724,0.3328549786668097,0.27798105841814946,1.1229119191220032,-1.9607737643281804
-0.9679312083298767,-1.7885867465974448,1.348636440803521,0.33397666721628816,0.2779612861481743,1.1228027116903045,-1.9603090142191153
-0.9724920788621141,-1.7870480798199555,1.3472468680833791,0.3350049893002831,0.2779415378602539,1.1227021982372736,-1.9598811480822305
-0.976644657863684,-1.7856456695183662,1.3459819364114143,0.3359413128095604,0.27792220324965516,1.122610346288505,-1.9594900570471245
-0.9803967876615902,-1.7843772769603523,1.3448391856934878,0.3367873911081529,0.2779036193195524,1.1225270749107927,-1.9591354225580446
-0.9837580667482264,-1.783240020984262,1.343815631256811,0.33754537486891234,0.27788606976428876,1.122452253356288,-1.9588167107009582
-0.9867399017353411,-1.7822303605759278,1.3429077472779112,0.33821782397186373,0.2778697849434187,1.1223856998659383,-1.958533167210148
-0.9893555598313986,-1.7813440779401284,1.3421114500585438,0.3388077194639742,0.2778549424375336,1.1223271806270065,-1.9582838131477145
-0.9916202218302812,-1.780576262048437,1.3414220811602962,0.339318475578001,0.27784166816751943,1.122276408878297,-1.958067441236981
-0.9935510355883727,-1.779921292637615,1.3408343904086761,0.3397539518057979,0.2778300380487769,1.12223304416131,-1.9578826128155238
-0.9951671699542036,-1.7793728246229068,1.3403425187797862,0.3401184650224797,0.2778200801402216,1.1221966917008719,-1.9577276553635363
-0.9964898691031293,-1.778923772881112,1.3399399811840083,0.3404168016554913,0.27781177723579886,1.1221669019022156,-1.9576006605463534
-0.9975425072170649,-1.77856629734738,1.3396196491637122,0.34065422989122096,0.2778050698328681,1.1221431699486413,-1.957499482694139
-0.9983506434365058,-1.7782917883575375,1.3393737335257698,0.34083651191061254,0.2777998593973147,1.122124935478484,-1.9574217376257155
-0.9989420769987383,-1.7780908521541556,1.339193766934685,0.34096991614451005,0.27779601182949043,1.122111582311044,-1.9573648017077614
-0.9993469024644921,-1.7779532964612905,1.3390705864964068,0.34106122953522783,0.2777933610187896,1.1221024382008955,-1.9573258110175107
-0.9995975649201551,-1.7778681160153198,1.3389943163718065,0.3411177697929959,0.27779171235598826,1.1220967745715702,-1.957301660465729
-0.9997289150332246,-1.7778234779261881,1.3389543504620232,0.3411473976262444,0.2777908460545444,1.1220938062188839,-1.9572890027014735
-0.9997782638184516,-1.777806706718777,1.3389393352242958,0.3411585289355279,0.2777905201097578,1.1220926908926303,-1.9572842466245994
-0.9997854369665089,-1.777804268891869,1.3389371526766805,0.3411601469413846,0.2777904727063996,1.122092528758472,-1.9572835552769858
