0.006126880645751953
0.01003122329711914
0.015414714813232422
0.014489889144897461
0.0
0.007978200912475586
0.008545875549316406
0.0
0.0
0.005539655685424805
0.01057744026184082
0.010036945343017578
0.01575613021850586
0.005541324615478516
0.015739917755126953
0.0
0.0
0.01105189323425293
0.010077953338623047
0.019497156143188477
0.0
0.0
0.010079622268676758
0.008555889129638672
0.0
0.004505634307861328
0.010034799575805664
0.01003718376159668
0.0
0.01565837860107422
0.00823831558227539
0.01563239097595215
0.01574420928955078
0.008203506469726562
0.0
0.004538536071777344
0.0031633377075195312
0.013540267944335938
0.010083436965942383
0.005539655685424805
0.0
0.010114908218383789
0.0
0.0
0.010121345520019531
0.0115814208984375
0.006036281585693359
0.005539894104003906
0.005540132522583008
0.005539894104003906
0.0057408809661865234
0.0015447139739990234
0.008976221084594727
0.015805482864379883
0.006608009338378906
0.01116323471069336
0.006096839904785156
0.0020368099212646484
0.0
0.013126850128173828
0.009108781814575195
0.015411853790283203
0.013544082641601562
0.007661342620849609
0.011536121368408203
0.008011579513549805
0.0015730857849121094
0.01011967658996582
0.016388416290283203
0.009978294372558594
0.008572578430175781
0.008135080337524414
0.007649898529052734
0.008557558059692383
0.008554697036743164
0.008540630340576172
0.0
0.015508651733398438
0.005589723587036133
0.011505603790283203
0.00854802131652832
0.015726327896118164
0.0
0.016093969345092773
0.007628202438354492
0.0164792537689209
0.0015869140625
0.0
0.008017778396606445
0.008115053176879883
0.009292364120483398
0.008443832397460938
0.004518270492553711
0.0
0.012001752853393555
0.0
0.016080856323242188
0.004502773284912109
0.0
0.010001897811889648
0.0
