0.05496819866021833,0.4277296376290258,0.22729101373646135,0.4365947217471815,0.803118339040967,0.28546422420983286,0.28791693096248744
0.05497092518890439,0.42772895193243543,0.2272895782358087,0.43659780482638644,0.8031179005546877,0.2854612514999815,0.2879164262793555
0.05498968279196227,0.4277242339717541,0.22727970281189766,0.43661901515290485,0.8031148833865844,0.2854408001021875,0.2879129544269997
0.05503960957978909,0.42771167116824366,0.22725342045333552,0.4366754684018499,0.8031068481363236,0.2853863636862235,0.28790371514539287
0.05513488864272257,0.42768767608989516,0.22720327548920713,0.4367831946978727,0.803091495681014,0.28528247337759444,0.28788608993474196
0.055288769544792477,0.4276488658341259,0.22712232091246112,0.43695715721754635,0.8030666502429505,0.2851146704764938,0.28785764312070555
0.05551359017120086,0.42759203758162795,0.22700411766321457,0.4372112698062832,0.8030302390749373,0.2848694778287111,0.28781612409179586
0.05582079876852549,0.4275141415759964,0.22684273529280422,0.4375584139019257,0.8029802698500129,0.2845343703116312,0.2877594703334626
0.05622097601750277,0.42741225265485233,0.22663275351084058,0.43801045501640123,0.8029148067231091,0.2840977448582437,0.28768581092500495
0.05672385698052586,0.4272835413358592,0.2263692641927399,0.43857825898907965,0.8028319459194834,0.28354889040314973,0.2875934702047075
0.057338352770796124,0.4271252453448659,0.22604787349294106,0.43927170819137135,0.8027297915987579,0.282877958096213,0.28748097134552497
0.058072571798082104,0.4269346423631965,0.22566470376844586,0.44009971783197255,0.802606432644149,0.2820759320913309,0.28734703961805136
0.05893384045759417,0.4267090246665788,0.22521639506813854,0.4410702524862123,0.8024599209338562,0.2811346011795609,0.2871906051495894
0.059928723143617135,0.4264456762292493,0.2247001059855707,0.4421903429510768,0.8022882515655364,0.28004653149747266,0.28701080501778764
0.061063041488081594,0.4261418527732125,0.22411351370690133,0.4434661035096097,0.8020893454250638,0.2788050405031671,0.28680698454470016
0.06234189274584341,0.42579476515431147,0.22345481311204657,0.4449027496741455,0.8018610344171748,0.27740417237403864,0.2865786976822901
0.06376966727259119,0.42540156639351534,0.2227227148066021,0.4465046164669454,0.8016010496077864,0.2758386749423354,0.28632570640349025
0.06535006506746126,0.424959342583432,0.22191644197569171,0.448275177288802,0.801307012465464,0.27410397824712013,0.28604797903405665
0.06708611137996393,0.4244651078262913,0.2210357259595718,0.4502170634206447,0.800976429332337,0.2721961747446902,0.2857456874797392
0.0689801714090719,0.4239158032902919,0.2200808004556671,0.4523320841995981,0.8006066892023626,0.27011200118418494,0.28541920332092974
0.07103396415061551,0.423308300405993,0.21905239425381942,0.4546212479088939,0.8001950648368472,0.26784882212134664,0.28506909276300224
0.07324857547681306,0.42263940816316853,0.21795172241195193,0.45708478341999204,0.7997387172032221,0.2654046150114627,0.2846961104452623
0.07562447055820218,0.4219058844109837,0.21678047577916365,0.4597221626248162,0.7992347031828444,0.2627779567928073,0.28430119212481336
0.07816150576281997,0.4211044510103565,0.2155408087733839,0.4625321236957141,0.7986799864567966,0.259968011844578,0.2838854462639486
0.08085894018963657,0.4202318126367912,0.2142353253220657,0.4655126952102466,0.7980714514449401,0.2569745211787741,0.28345014456090606
0.08371544701247458,0.41928467898477384,0.21286706287771662,0.4686612211768238,0.7974059201426406,0.25379779270380587,0.28299671147416733
0.08672912482646082,0.41825979008097874,0.21143947442604497,0.4719743869952825,0.7966801716713658,0.25043869237911826,0.2825267127999541
0.0898975092010816,0.4171539443731646,0.20995640841363294,0.47544824638346544,0.7958909643336158,0.2468986360649128,0.28204184337129906
0.09321758465179006,0.41596402922484166,0.20842208653475539,0.4790782492965517,0.7950350599392386,0.24317958185924124,0.28154391395504685
0.09668579724559409,0.4146870534128301,0.20684107933346005,0.48285927086013003,0.7941092501490422,0.23928402270646534,0.28103483743045304
0.10029806805494709,0.4133201811959417,0.20521827959742472,0.4867856413307794,0.7931103845626515,0.23521497905632785,0.28051661433967906
0.1040498076684577,0.4118607674985575,0.2035588735443355,0.49085117708912557,0.7920354002608296,0.23097599135169566,0.27999131790644627
0.10793593195642723,0.4103063937331968,0.20186830982939583,0.49504921266006496,0.7908813524979641,0.22657111212536737,0.2794610786244032
0.11195087927405797,0.40865490377166125,0.20015226643373654,0.4993726337431337,0.7896454462281921,0.22200489749209906,0.2789280685213447
0.11608862926554228,0.40690443956538086,0.1984166155274435,0.5038139112229787,0.7883250681387889,0.2172823978311091,0.27839448520928384
0.12034272340837138,0.4050534759125452,0.1966673864370923,0.5083651361157515,0.786917818857061,0.2124091474665549,0.27786253583344195
0.1247062874094565,0.4031008538727945,0.1949107268853267,0.5130180553921594,0.7854215449921862,0.20739115316868845,0.27733442103550027
0.12917205553345953,0.4010458123399299,0.19315286270835325,0.517764108602189,0.7838343706713279,0.20223488131631184,0.27681231904783704
0.13373239690961825,0.39888801729945156,0.19140005629538195,0.5225944652103616,0.7821547282300477,0.19694724358149468,0.27629837003595903
0.1383793438269123,0.39662758832079503,0.18965856403107773,0.527500062534169,0.780381387720622,0.19153558101998813,0.27579466080586074
0.14310462198933482,0.39426512186389934,0.18793459305706803,0.5324716441623327,0.7785134849084103,0.18600764647497717,0.27530320999157326
0.14789968266402706,0.3918017110159488,0.18623425770053628,0.5374997987141025,0.776550547436003,0.18037158522743987,0.27482595383566616
0.1527557366158852,0.38923896131652597,0.18456353594597852,0.5425749987862737,0.7744925188474534,0.17463591385296134,0.2743647326719362
0.15766378968375827,0.3865790023774479,0.182928226349488,0.5476876399213237,0.7723397801805113,0.16880949727201552,0.27392127821492684
0.16261467981633823,0.38382449505665445,0.1813339058126396,0.5528280794183211,0.7700931688533138,0.16290152400800373,0.27349720175530395
0.16759911535110525,0.3809786340028853,0.17978588864453873,0.5579866747984245,0.7677539945933739,0.1569214796943158,0.2730939833534627
0.1726077142880217,0.378045145448615,0.1782891873453027,0.5631538217290751,0.7653240521807607,0.15087911889789085,0.2727129621161296
0.17763104428178897,0.37502828019184,0.17684847554178448,0.5683199912057149,0.7628056308039192,0.14478443535180124,0.27235532763217796
0.18265966305307432,0.3719328017716788,0.17546805349647482,0.5734757657871997,0.7602015198553508,0.13864763071281114,0.2720221126344754
0.18768415890076004,0.36876396990722843,0.17415181659318915,0.5786118746812335,0.7575150110251196,0.1324790819813077,0.2717141869444274
0.19269519098445212,0.3655275193324825,0.1729032271784553,0.5837192274792492,0.7547498965825066,0.1262893077400991,0.2714322527450461
0.1976835290395827,0.3622296342211679,0.1717252901057856,0.5887889463462638,0.7519104637697804,0.1200889333849726,0.2711768412169999
0.20264009218669873,0.3588769184528954,0.17062053229168825,0.5938123964803989,0.7490014852665761,0.11388865553337375,0.2709483105602785
0.207555986502066,0.3554763620249143,0.16959098654799393,0.5987812146689478,0.7460282057183825,0.10769920580781113,0.2707468454120142
0.21242254102849528,0.35203530396099697,0.16863817990561375,0.6036873357829687,0.7429963243577388,0.10153131419750037,0.27057245765871885
0.21723134192319288,0.34856139210958964,0.16776312659109643,0.6085230170703493,0.7399119737814561,0.09539567220516701,0.2704249886289235
0.22197426446310678,0.3450625402566332,0.16696632576033016,0.6132808601278058,0.7367816949811722,0.08930289598579912,0.27030411264003923
0.22664350265731295,0.3415468830037218,0.166247764034496,0.6179538304552534,0.7336124087573401,0.08326348968050226,0.27020934186137596
0.2312315962498902,0.33802272887914075,0.16560692282305378,0.6225352745210119,0.7304113836780237,0.07728780914148389,0.2701400324437548
0.2357314549348544,0.33449851215757437,0.16504279035823774,0.6270189342931706,0.7271862007732235,0.07138602623378658,0.2700953918551945
0.2401363796463201,0.3309827438638695,0.16455387830638923,0.6313989592207027,0.7239447151826097,0.06556809388583712,0.27007448735184475
0.24444008083135735,0.327483962427377,0.1641382427644944,0.6356699156772618,0.7206950149991724,0.05984371204447915,0.2700762555037798
0.2486366936591579,0.3240106844364537,0.1637935093965286,0.6398267939105547,0.7174453775732409,0.054222294671197026,0.2700995126865654
0.25272079016727395,0.32057135591822367,0.1635169024145134,0.6438650125704101,0.7142042235603141,0.04871293789508972,0.27014296644174157
0.2566873883929512,0.31717430453746487,0.16330527706433645,0.6477804209186525,0.7109800690121276,0.043324389415205895,0.27020522760258153
0.26053195858410383,0.31382769307132785,0.16315515523699042,0.65156929885326,0.7077814758232375,0.03806501922055511,0.27028482307575047
0.2642504266294545,0.31053947447453273,0.16306276379246187,0.6552283549076019,0.7046170008550695,0.03294279167087936,0.27038020916482364
0.2678391748899792,0.3073173488038462,0.16302407515635065,0.6587547224123697,0.7014951440659812,0.027965238955674855,0.2704897853180447
0.2712950406533886,0.304168722222124,0.1630348497286373,0.6621459540327846,0.6984242959793284,0.023139435923341986,0.27061190818022457
0.27461531246926435,0.3011006682522482,0.1630906796298684,0.66540001491635,0.6954126848220565,0.018471976247343598,0.2707449058272706
0.277797724654111,0.29811989140105866,0.16318703330230322,0.6685152747065118,0.6924683236639844,0.0139689498722422,0.27088709206149914
0.28084045028253857,0.2952326932240275,0.16331930048206794,0.6714904986947594,0.6895989578828998,0.009635921659944884,0.2710367806465489
0.2837420930026137,0.29244494085408385,0.16348283706275785,0.6743248383976117,0.6868120132730289,0.005477911135886069,0.27119229936240996
0.2865016780299239,0.28976203797362127,0.16367300938086388,0.6770178218554139,0.6841145451045054,0.0014993732165376635,0.2713520037636797
0.2891186426857829,0.28718889816826315,0.16388523746840056,0.6795693439566004,0.6815131884293701,-0.0022958202160192763,0.2715142905277092
0.29159282685024596,0.2847299205651569,0.16411503683772866,0.681952422028044,0.6790488038143787,-0.005884284757919899,0.27165969763885495
0.2939244637001025,0.2823889676280357,0.1643580583873237,0.6842223600792307,0.6766577495696555,-0.009303524048355081,0.2718225457080751
0.29611417109583543,0.2801693449565024,0.16461012604466962,0.686352618252147,0.6743797147843521,-0.012531480618865104,0.2719835393903411
0.29816294396976756,0.27807378291819995,0.16486727179315325,0.6883444734087455,0.6722191908005345,-0.015566787273178714,0.2721413613934916
0.3000721480503897,0.27610441992987833,0.16512576776344598,0.6901995318880639,0.6701800282486191,-0.018408744670950505,0.2722947925279101
0.3018435152354035,0.27426278719672975,0.16538215510609375,0.6919197262338678,0.6682654001243443,-0.02105733796965085,0.27244272051705065
0.30347914089850514,0.2725497947185161,0.16563326940072995,0.6935073139219741,0.66647776768517,-0.023513253726638185,0.2725841477733209
0.30498148338267667,0.2709657183754801,0.16587626239836295,0.6949648782970503,0.6648188492989755,-0.025777897202083642,0.2727181980840131
0.30635336589598366,0.269510187916259,0.16610861993660342,0.6962953318980369,0.6632895923493293,-0.027853410189103596,0.2728441221630048
0.30759798098495406,0.2681821756831596,0.16632817591359056,0.6975019223167747,0.6618901482705998,-0.02974268948044528,0.2729613020360165
0.30871889771579686,0.2669799859263863,0.1665331222549568,0.6985882406959094,0.6606198507525941,-0.03144940606161097,0.27306925424036016
0.30972007164537074,0.26590124457702813,0.1667220148597296,0.6995582329300188,0.659477197117812,-0.03297802509886365,0.273167631834452
0.31060585761229464,0.26494288936768756,0.16689377556599094,0.700416213588222,0.658459832834449,-0.03433382676765454,0.2732562252280014
0.3113810253241918,0.26410116020836316,0.16704769023578167,0.7011668825275303,0.6575645390845587,-0.03552292794299251,0.2733349618608884
0.3120507776602293,0.2633715897422295,0.16718340312165908,0.7018153441141239,0.6567872232588043,-0.036552304748907166,0.273403904777357
0.3126207715490908,0.26274899402012614,0.16730090774491957,0.702367128914688,0.6561229121966458,-0.0374298159397112,0.27346325016252215
0.3130971412218021,0.26222746324238566,0.16740053458828427,0.7028282176622982,0.6555657479330163,-0.03816422706204831,0.27351332393033195
0.3134865235765857,0.2618003525211437,0.16748293598425146,0.7032050672411003,0.6551089856493291,-0.0387652353239954,0.27355457747627243
0.31379608532959763,0.26146027261411237,0.16754906866474822,0.7035046383715483,0.6547449934573861,-0.03924349507642859,0.2735875827342879
0.3140335515611292,0.26119908057126934,0.16760017452853881,0.703734424613226,0.6544652535692893,-0.03961064379272103,0.27361302670579135
0.31420723520187543,0.2610078702181562,0.16763776028031632,0.7039024822354492,0.6542603643243708,-0.03987932841595112,0.27363170565928047
0.31432606693815845,0.2608769623732194,0.1676635766997932,0.7040174604368793,0.6541200424552855,-0.040063231928308386,0.2736445192320886
0.314399624948496,0.2607958946617882,0.16767959841052857,0.7040886313241682,0.6540331248796207,-0.040177099985235214,0.27365246470118687
0.3144381638162182,0.26075341074640945,0.16768800513680263,0.7041259189859842,0.6539875692006709,-0.040236767446789265,0.2736566317277432
0.3144526418934302,0.260737448743333,0.16769116556265268,0.7041399269221702,0.6539704519914737,-0.040259184630222725,0.2736581979203581
0.31445474631952147,0.26073512853968045,0.16769162504022297,0.7041419630077419,0.653967963820028,-0.04026244310004585,0.2736584256044495
