-0.26180183480884145,-2.0071331345707804,1.5707930236904313,0.17452648430626802,0.2617899840631214,1.1344973640379215,-2.0071296348043335
-0.26180911561564324,-2.007131059045771,1.5707906071082542,0.17452814550754012,0.26179037089788665,1.1344972703480356,-2.0071293278658824
-0.26185920496534926,-2.007116780053327,1.570773981976813,0.17453957399786396,0.2617930321267945,1.1344966256388214,-2.0071272161284437
-0.2619925256580333,-2.0070787734924855,1.5707297322559046,0.17456999261114037,0.2618001142350149,1.1344949095747494,-2.0071215945994476
-0.26224694651473723,-2.0070062408986424,1.570645291693986,0.17462804114774455,0.2618136246165874,1.1344916343405376,-2.007110863440184
-0.2626578360346966,-2.006889091707002,1.5705089281537674,0.17472178827546997,0.2618354308093056,1.1344863436832142,-2.0070935231679354
-0.2632581161506328,-2.0067179248170857,1.5703097284570071,0.1748587433831216,0.2618672589367508,1.1344786118155468,-2.007068169160938
-0.26407831604591997,-2.0064840097254244,1.5700375835644083,0.1750458683902733,0.2619106915373327,1.1344680422775753,-2.007033485734585
-0.2651466259923006,-2.0061792674036916,1.569683173949507,0.175289589533446,0.2619671650616817,1.1344542667557136,-2.0069882399668444
-0.26648895117040616,-2.0057962510898033,1.5692379550365108,0.17559580914168485,0.2620379672698955,1.1344369438830844,-2.0069312754399666
-0.268128965438218,-2.0053281271383376,1.5686941425870906,0.17596991741088833,0.2621242347356367,1.134415758050012,-2.0068615060432897
-0.27008816501349914,-2.0047686560593325,1.5680446979364633,0.17641680418906075,0.2622269506362216,1.1343904182287474,-2.0067779099679
-0.2723859220404877,-2.0041121738557677,1.5672833129923514,0.17694087078080573,0.26234694298474315,1.1343606568255815,-2.0066795240034914
-0.27503953801528513,-2.0033535737530497,1.5664043949232729,0.177546041777568,0.2624848834369278,1.13432622857443,-2.006565438230164
-0.2780642970483897,-2.0024882883984945,1.5654030504750784,0.17823577692030282,0.26264128678206705,1.1342869094776664,-2.0064347911833034
-0.28147351894820993,-2.0015122725937093,1.5642750698660561,0.17901308299949098,0.26281651120590305,1.1342424958020019,-2.0062867655537318
-0.2852786121147505,-2.000421986608958,1.5630169102218,0.1798805257968063,0.263010759392567,1.1341928031355024,-2.0061205844711836
-0.289489126238432,-1.999214380115636,1.561625678521233,0.18084024207202354,0.26322408051276475,1.1341376655104014,-2.0059355084058113
-0.2941128048049323,-1.9978868767609008,1.560099114034694,0.18189395159802013,0.26345637312673276,1.1340769345963075,-2.0057308327097556
-0.29915563741248474,-1.996437359397544,1.5584355702440764,0.18304296924703534,0.2637073890124972,1.134010478963455,-2.0055058858101185
-0.30462191191433574,-1.994864155971332,1.5566339962430717,0.18428821712945428,0.2639767379142032,1.1339381834223543,-2.005260028052281
-0.310514266403865,-1.9931660260590578,1.554693917623555,0.18563023678748505,0.26426389318939586,1.1338599484377119,-2.0049926511844274
-0.3168337410651827,-1.9913421480413702,1.5526154168611992,0.1870692014447994,0.2645681983206892,1.133775689618574,-2.0047031784641343
-0.32357982991626166,-1.9893921068865734,1.5503991132200412,0.18860492831308867,0.26488887424462276,1.1336853372845952,-2.004391065360134
-0.33075053247543784,-1.9873158825142538,1.548046142201793,0.190236890955994,0.265225027439488,1.1335888361081201,-2.004055800815054
-0.3383424053848473,-1.985113838701162,1.5455581345713068,0.19196423171087823,0.26557565870398575,1.1334861448286564,-2.0036969090292502
-0.34635061402696676,-1.982786712485531,1.5429371949943786,0.193785774167241,0.2659396725510289,1.1333772360419692,-2.0033139517188863
-0.3547689841710211,-1.9803356040213533,1.540185880328888,0.19570003570175548,0.26631588713337556,1.1332620960561404,-2.0029065307989313
-0.3635900536870916,-1.9777619668290967,1.5373071776137908,0.19770524006749896,0.2667030446134661,1.133140724815899,-2.0024742914357625
-0.3728051243647346,-1.9750675983858956,1.534304481804173,0.19979933003567374,0.26709982188531,1.1330131358886866,-2.002016925412657
-0.3824043138717914,-1.9722546309949565,1.5311815733032224,0.2019799800868457,0.2675048415541509,1.132879356508114,-2.0015341747486164
-0.39237660788696727,-1.9693255228713118,1.5279425953441808,0.2042446091477921,0.26791668307864125,1.1327394276712448,-2.0010258355090875
-0.4027099124366025,-1.9662830493794812,1.5245920312771244,0.20659039337000343,0.26833389398015023,1.1325934042815105,-2.000491761747303
-0.41339110646274546,-1.9631302943571705,1.5211346818162774,0.20901427894431446,0.2687550010256216,1.132441355333245,-1.9999318695136954
-0.42440609464513557,-1.959870641458889,1.5175756423042488,0.21151299494636894,0.2691785212924306,1.1322833641277759,-1.9993461408725997
-0.43573986049540525,-1.9565077654532363,1.5139202800491494,0.2140830662059173,0.26960297302773045,1.132119528516296,-1.9987346278651132
-0.4473765197364341,-1.9530456234086377,1.5101742117900094,0.21672082619324146,0.2700268862187305,1.1319499611590689,-1.9980974563598444
-0.45929937397477,-1.9494884457034694,1.5063432813443605,0.21942242991472602,0.2704488127958744,1.1317747897940595,-1.997434829734275
-0.47149096466828777,-1.9458407267987472,1.5024335374900262,0.22218386680985908,0.27086733639651095,1.1315941575038488,-1.9967470323329926
-0.483933127386131,-1.9421072157137833,1.4984512121304594,0.2250009736406694,0.2712810816232935,1.1314082229742923,-1.9960344326505266
-0.4966070463521476,-1.9382929061486105,1.4944026987900876,0.22786944736544917,0.27168872273806305,1.1312171607324029,-1.995297486191196
-0.5094933092581783,-1.9344030262003162,1.4902945314822664,0.23078485798745324,0.27208899173950296,1.131021161356634,-1.994536737960316
-0.5225719623282907,-1.9304430276245308,1.4861333639886372,0.23374266137007468,0.2724806857797513,1.1308204316482589,-1.9937528245457499
-0.5358225656105596,-1.9264185745977243,1.481925949584032,0.23673821200973588,0.27286267388283236,1.1306151947552376,-1.9929464757519921
-0.5492242484687534,-1.9223355319407283,1.4776791212362792,0.2397667757582259,0.2732339029350209,1.1304056902389994,-1.992118515753098
-0.5627557652426297,-1.9181999527688172,1.4733997723051342,0.2428235424863935,0.27359340292446394,1.1301921740762386,-1.9912698637342965
-0.5763955510422415,-1.9140180655392012,1.4690948377591628,0.24590363868212156,0.27394029141451387,1.129974918585959,-1.9904015339968613
-0.5901217776392347,-1.9097962604719052,1.4647712759238776,0.24900213997561765,0.27427377724187846,1.1297542122755093,-1.9895146355037896
-0.6039124094160105,-1.905541075325802,1.4604360507688054,0.25211408358627807,0.27459316343719703,1.1295303595975335,-1.9886103708486265
-0.6177452593323034,-1.9012591805170327,1.4560961147355338,0.25523448068607757,0.2748978493716759,1.1293036806115881,-1.9876900346332813
-0.6315980448680192,-1.8969573635726154,1.4517583921032224,0.25835832867536523,0.2751873321389859,1.1290745105449567,-1.986755011244545
-0.6454484439010811,-1.8926425129176485,1.4474297628825892,0.2614806233679987,0.2754612071869353,1.1288431992477324,-1.985806772022951
-0.6592741504795319,-1.8883216009997836,1.443117047224216,0.2645963710837562,0.2757191682180339,1.1286101105384774,-1.9848468718211403
-0.6730529304482559,-1.8840016667600237,1.4388269903220252,0.26770060064714774,0.27596100638246185,1.1283756214367895,-1.983876944952927
-0.6867626768924865,-1.8796897974637887,1.4345662477881231,0.2707883752924658,0.2761866087907827,1.1281401212822786,-1.9828987005370806
-0.7003814653622998,-1.8753931099110626,1.4303413714711366,0.2738548044765021,0.2763959563770477,1.1279040107370537,-1.9819139172443727
-0.7138876088452821,-1.8711187310489763,1.4261587956861417,0.2768950556008115,0.2765891211462415,1.1276677006733653,-1.980924437458949
-0.7272597124575845,-1.866873778014276,1.4220248238212458,0.2799043656467616,0.2767662628423342,1.127431610946335,-1.9799321608690996
-0.7404767278273255,-1.8626653376371345,1.4179456152829153,0.2828780527273022,0.2769276250758048,1.1271961690542882,-1.9789390375055576
-0.7535180071482881,-1.8585004454412413,1.4139271727399954,0.2858115275602523,0.2770735309513518,1.1269618086896365,-1.9779470602488134
-0.7663633568861786,-1.8543860641783199,1.4099753296246902,0.2887003048687046,0.27720437823830535,1.126728968184037,-1.9769582568303274
-0.7789930911243955,-1.8503290619380839,1.4060957378476098,0.29154001471470126,0.27732063412779295,1.12649808885294,-1.9759746813556007
-0.7913880845410306,-1.846336189877069,1.4022938556835098,0.2943264137729275,0.2774228296219272,1.126269613245223,-1.9749984053803251
-0.8035298250138707,-1.8424140596119174,1.3985749357843293,0.29705539655169155,0.2775115536014857,1.1260439833042915,-1.9740315085740583
-0.8154004658552985,-1.8385691203244323,1.3949440132766322,0.29972300656859846,0.2775874466194848,1.1258216384486295,-1.9730760690086728
-0.8269828776840661,-1.8348076356271301,1.391405893901656,0.3023254474888849,0.2776511944688836,1.1256030135791868,-1.9721341531122665
-0.8382606999461955,-1.8311356602389828,1.3879651421576118,0.3048590942341541,0.27770352157333617,1.1253885370234509,-1.9712078053314643
-0.849218392102081,-1.8275590165218867,1.38462606940584,0.3073205040697642,0.2777451842505312,1.125178628424477,-1.9702990375486014
-0.8598412845020273,-1.8240832709285784,1.3813927219046516,0.3097064276786035,0.27777696389805384,1.1249736965860448,-1.9694098183019368
-0.8701156289768448,-1.820713710412897,1.3782688687373597,0.3120138202293684,0.2777996601520417,1.124774137283232,-1.968542061860257
-0.8800286491747453,-1.8174553188529803,1.375257989603658,0.3142398524467592,0.27781408406912783,1.124580331050735,-1.967697617204409
-0.8895685906795127,-1.8143127535373522,1.372363262446783,0.3163819216914058,0.2778210513820685,1.1243926409580598,-1.9668782569711911
-0.8987247709487468,-1.8112903217630771,1.369587550891669,0.31843766305624793,0.27782137587938704,1.1242114103853145,-1.966085666415059
-0.9074876291137017,-1.8083919575938194,1.366933391472905,0.32040496048665923,0.27781586295876465,1.1240369608083027,-1.9653214324456512
-0.9158487756850354,-1.805621198824386,1.364402980634013,0.3222819579303126,0.27780530340347365,1.123869589606693,-1.9645870327981665
-0.9237878787905662,-1.8029495448609032,1.3620173401592608,0.3240831666386268,0.27780998585756383,1.123611102914017,-1.9639211025379117
-0.931325319943689,-1.8004429562942945,1.3597395319577434,0.3257750394412658,0.2777914957457324,1.1234588928797684,-1.963250701130899
-0.9384434084463976,-1.7980719811904395,1.3575898899219854,0.32737272043798404,0.27777019379428225,1.123314469331344,-1.9626137840014701
-0.9451389371637486,-1.7958383472991284,1.3555691152443552,0.32887550567489576,0.2777467560566206,1.1231780130714157,-1.9620112887327392
-0.9514101190813748,-1.7937432755433123,1.3536775001371126,0.3302830075952581,0.2777218178149935,1.1230496705543622,-1.9614439936072534
-0.9572566374239524,-1.7917874590769884,1.3519149132398154,0.33159516647938797,0.277695969647487,1.1229295520441454,-1.9609125087487063
-0.9626796959978683,-1.7899710428080315,1.3502807847478828,0.33281226194609764,0.2776697540124677,1.1228177298646522,-1.9604172677652374
-0.9676820697954237,-1.7882936034094483,1.3487740912638404,0.3339349245181011,0.27764366237978066,1.122714236749216,-1.9599585199332947
-0.9722681558934588,-1.7867541298380079,1.3473933403743183,0.33496414725298906,0.27761813293303544,1.1226190642963263,-1.9595363229546776
-0.9764440246737925,-1.7853510043739254,1.346136554957743,0.3359012974414782,0.2775935488615664,1.1225321615332786,-1.9591505363139756
-0.9802174713874582,-1.7840819841900997,1.3450012572285248,0.3367481283726142,0.27757023725442476,1.1224534335954441,-1.958800815253644
-0.9835980680773593,-1.7829441834527857,1.3439844525258957,0.3375067911664819,0.27754846860131716,1.122382740518421,-1.958486605378342
-0.9865972158674798,-1.7819340559491221,1.3430826128566433,0.33817984667287926,0.2775284568975145,1.1223198961457956,-1.958207137888451
-0.9892281976186211,-1.7810473782292855,1.3422916602033301,0.33877027743427973,0.277510360340756,1.1222646671495125,-1.9579614254336914
-0.9915062309429192,-1.7802792332428947,1.3416069496117176,0.3392814997100346,0.27749428259832376,1.1222167721598864,-1.9577482585659403
-0.9934485215605593,-1.7796239944400096,1.3410232520743388,0.3397173755583356,0.27748027461152375,1.1221758809969062,-1.95756620275932
-0.9950743169741452,-1.7790753102975123,1.3405347372300214,0.3400822249702824,0.27746833689311934,1.1221416139977614,-1.957413595950932
-0.9964049604268789,-1.7786260892204493,1.3401349559038798,0.3403808380500724,0.27745842226015444,1.1221135414277774,-1.9572885465434444
-0.997463945102064,-1.7782684847559915,1.3398168225172828,0.34061848723386173,0.27745043893053734,1.1220911829592035,-1.9571889317961317
-0.9982769685133986,-1.7779938810454776,1.3395725974022896,0.3408009395368045,0.27744425389687294,1.1220740072090796,-1.9571123965121966
-0.998871987025252,-1.7777928784244723,1.3393938690639131,0.3409344688194088,0.27743969647394484,1.1220614313036423,-1.957056351920538
-0.9992792704363048,-1.777655279068158,1.3392715364381798,0.3410258680569181,0.27743656189968746,1.122052820467378,-1.9570179746216187
-0.9995314565476225,-1.7775700725597048,1.33919579120735,0.34108246160116334,0.2774346148492284,1.1220474875858442,-1.956994205463711
-0.9996636056319712,-1.7775254212455485,1.3391561002387145,0.34111211741371705,0.2774335927028625,1.1220446927369916,-1.9569817481803335
-0.9997132547089361,-1.7775086452194095,1.3391411882285797,0.34112325925423176,0.2774332083863897,1.1220436426393823,-1.956977067613529
-0.9997204715259189,-1.7775062067622733,1.339139020639523,0.3411248787975457,0.27743315257999857,1.1220434900076441,-1.9569763873101285
