0.05496819866021833,0.4277296376290258,0.22729101373646135,0.4365947217471815,0.803118339040967,0.28546422420983286,0.28791693096248744
0.05497066485654121,0.42772878434198575,0.22728985253841555,0.4365978156595106,0.8031178468094057,0.2854612042514693,0.28791660661529905
0.054987631355650386,0.4277229135563532,0.2272818642276694,0.43661910049911345,0.8031144599079388,0.28544042784755463,0.2879143753207361
0.055032789903129445,0.4277072834996507,0.22726060479280935,0.4366757519491146,0.8031054406822742,0.2853851267750991,0.2879084372187902
0.05511896578274093,0.4276774397960356,0.22722004556221537,0.43678385596636293,0.8030882109873547,0.28527958801733555,0.28789710870542756
0.05525813459972762,0.42762919712045233,0.22715457276463516,0.4369584270838904,0.8030603352441884,0.2851091273232977,0.2878788225535385
0.05546143873412701,0.4275586178903196,0.22705898909116715,0.4372134256358478,0.8030195002121501,0.2848600617066543,0.28785212864815996
0.05573920353479907,0.4274619889781528,0.22692851664279445,0.43756177422864456,0.8029634925377555,0.2845196812473022,0.28781569513906663
0.05610095330460783,0.4273357973318244,0.2267588007247797,0.43801537373852384,0.8028901750264139,0.2840762205273565,0.28776830983561824
0.056555427109179005,0.4271767052969113,0.22654591402117724,0.43858511907538555,0.8027974624753306,0.28351883000232597,0.2877088816893078
0.05711059442675819,0.4269815263471122,0.22628636074868927,0.439280914915954,0.8026832978034647,0.2828375475779713,0.2876364422287892
0.05777367064544381,0.4267472018436646,0.22597708044865641,0.44011169157667024,0.8025456291182389,0.28202327063321037,0.2875501468302161
0.05855113240669288,0.4264707793627578,0.2256154511289439,0.44108542116812627,0.8023823882684006,0.2810677286993551,0.2874492757225528
0.05944873279052248,0.42614939305101684,0.22519929151393706,0.44220913414840207,0.8021914713479532,0.27996345697583613,0.28733323464309785
0.060471516338058875,0.4257802463931599,0.22472686220103355,0.4434889363721861,0.8019707215372343,0.27870377083246356,0.2872015550728803
0.061623833910713084,0.4253605977029323,0.22419686555634905,0.4449300267157377,0.8017179145938366,0.2772827414182954,0.287053893994834
0.06290935739182807,0.4248877485784352,0.22360844421132858,0.4465367153443035,0.801430747237949,0.2756951724675144,0.2868900331298566
0.06433109424565728,0.4243590354960671,0.22296117804624835,0.4483124426780726,0.8011068286135934,0.2739365783635655,0.28670987761699623
0.06589140195940868,0.4237718246535713,0.22225507956686383,0.45025979910475145,0.8007436749489378,0.27200316349438913,0.28651345411422385
0.06759200240624233,0.42312351011220684,0.22149058759743273,0.45238054548087614,0.8003387074851188,0.2698918029042036,0.2863009083055677
0.06943399617993437,0.42241151523092796,0.22066855922775977,0.4546756344596175,0.7998892536935419,0.26760002422111256,0.28607250180888166
0.07141787696482367,0.42163329733176125,0.21979025996448726,0.45714523267961243,0.7993925517562583,0.26512599081515387,0.2858286084862814
0.07354354601707017,0.42078635548539606,0.21885735204827514,0.4597887438468411,0.7988457582424285,0.26246848611846824,0.28556971016636684
0.07581032684464561,0.4198682412594643,0.21787188090940815,0.4626048327393775,0.7982459588759504,0.25962689901824365,0.2852963917937938
0.07821698018335566,0.41887657222916863,0.2168362597453271,0.465591450162583,0.7975901822547512,0.25660121021422083,0.2850093360276695
0.08076171937413212,0.41780904801097246,0.21575325221505728,0.4687458588796828,0.7968754163509328,0.25339197941596525,0.284709317315635
0.08344222625245554,0.41666346854509156,0.21462595325793296,0.47206466053938284,0.7960986275926896,0.2500003332409709,0.2843971954754072
0.08625566766377145,0.41543775432168617,0.21345776805768846,0.47554382361801406,0.7952567823036019,0.24642795366309098,0.2840739088200504
0.08919871271891312,0.4141299682190951,0.2122523891880898,0.47917871238845827,0.7943468702524284,0.2426770668518537,0.28374046686733256
0.09226755090067687,0.412738338600329,0.2110137719929434,0.48296411692170876,0.7933659300467879,0.23875043223699569,0.28339794267721347
0.09545791112672643,0.4112612832965144,0.20974610827151144,0.4868942841192369,0.7923110760871107,0.23465133162904012,0.28304746486485
0.09876508186492483,0.40969743409321197,0.20845379836000388,0.4909629497654108,0.7911795267828939,0.2303835582259582,0.28269020933946215
0.10218393238506975,0.40804566132763537,0.20714142172068317,0.4951633715790063,0.7899686337216184,0.2259514053378545,0.2823273908220007
0.10570893521598265,0.40630509820192984,0.20581370617194947,0.49948836323151485,0.7886759114716816,0.2213596546661081,0.28196025419678594
0.1093341898591946,0.40447516441986237,0.20447549591518482,0.5039303292875379,0.7872990676943832,0.21661356398041465,0.2815900657541229
0.11305344779035115,0.4025555887616081,0.2031317185366985,0.5084813010092937,0.7858360332363961,0.21171885404655413,0.2812181043823387
0.11686013875729373,0.4005464302237542,0.2017873511853597,0.5131329729532806,0.7842849918732806,0.20668169466928357,0.28084565276872103
0.12074739835994375,0.39844809736910425,0.20044738614788707,0.5178767402727534,0.7826444093765016,0.20150868972836775,0.2804739886694139
0.1247080968721008,0.39626136555321767,0.19911679606375418,0.5227037366250392,0.7809130615810562,0.19620686110113897,0.2801043763084778
0.12873486923953165,0.39398739172161656,0.19780049903970692,0.5276048725682227,0.7790900611382607,0.1907836313819292,0.2797380579659742
0.13282014616283006,0.39162772650294364,0.19650332393944472,0.5325708743175729,0.7771748826484224,0.1852468053269279,0.27937624581412396
0.13695618614798535,0.3891843233586654,0.19522997613655846,0.5375923227186299,0.7751673858810183,0.17960454997224878,0.2790201140592605
0.14113510838298338,0.3866595445887051,0.19398500402790417,0.5426596922813812,0.7730678368055267,0.17386537339288538,0.2786707914454844
0.14534892627561533,0.3840561640341182,0.1927727666097961,0.5477633901087617,0.7708769261741352,0.16803810209052883,0.2783293541735881
0.14958958146652399,0.3813773663619661,0.19159740242039364,0.5528937945430527,0.768595785418038,0.16213185701856628,0.2779968192859862
0.15384897811287238,0.3786267428632043,0.19046280014821118,0.5580412933459687,0.7662259996417644,0.15615602827264818,0.2776741385650618
0.1581190172223353,0.3758082837409523,0.18937257119860076,0.5631963212224633,0.7637696175247847,0.15012024849472227,0.2773621929885379
0.1623916308048021,0.37292636691317993,0.18833002449735767,0.5683493964948552,0.7612291579662652,0.14403436505699868,0.277061787781231
0.16665881560057144,0.3699857433998271,0.1873381437932734,0.5734911567329064,0.7586076133370498,0.1379084111097278,0.27677364809787924
0.17091266613919215,0.366991519408871,0.18639956769973146,0.5786123931471171,0.7559084492324473,0.1317525755925611,0.276498415366687
0.17514540688264466,0.363949135278102,0.18551657268953942,0.583704083556881,0.7531356006498938,0.1255771723234488,0.2762366443178602
0.17934942321036818,0.36086434146859314,0.1846910592275114,0.5887574237522556,0.7502934645467204,0.11939260829121288,0.27598880071573073
0.1835172910117324,0.3577431718413704,0.1839245411923127,0.5937638570780381,0.7473868887647336,0.1132093512879758,0.275755259807204
0.18764180466385869,0.3545919144799847,0.18321813870329223,0.5987151020814828,0.7444211573397913,0.10703789702530928,0.2755363054932045
0.19171600318904491,0.3514170803480064,0.1825725744300719,0.6036031780803051,0.741401972245655,0.1008887358832229,0.2753321302236517
0.19573319440620002,0.34822537009148,0.1819881734231907,0.6084204285254691,0.7383354316517899,0.09477231944382226,0.2751428356103199
0.19968697691431594,0.3450236393117604,0.1814648664638076,0.6131595420534204,0.7352280048041498,0.08869902696160749,0.2749684337457893
0.20357125977270696,0.3418188626437036,0.1810021968900461,0.617813571144744,0.7320865036659667,0.08267913191998666,0.27480884921064036
0.20738027977206533,0.33861809697782197,0.1805993308177342,0.6223759483303847,0.7289180514819285,0.07672276881865737,0.274663921745179
0.2111086162218235,0.33542844416277884,0.18025507063471147,0.626840499912321,0.725730048453566,0.07083990032920365,0.2745334095562954
0.2147512032123146,0.3322570135166961,0.17996787161120126,0.6312014571925424,0.722530134735964,0.06504028494670228,0.27441699322471397
0.21830333934424206,0.32911088446242337,0.17973586143454026,0.6354534652320853,0.7193261509858695,0.05933344525347797,0.27431428017283654
0.22176069495239356,0.32599706958364405,0.1795568624453603,0.6395915891902558,0.7161260967087493,0.053728636897696594,0.2742248096487433
0.225119316884829,0.3229224783759188,0.17942841632453138,0.6436113183227281,0.7129380866671904,0.048234818374386326,0.2741480581776858
0.2283756309323194,0.3198938819401424,0.17934781095618607,0.6475085677454873,0.7097703056252329,0.04286062168012711,0.2740834454286577
0.23152644203512507,0.31691787883604505,0.17931210917215984,0.6512796780992399,0.7066309617126886,0.03761432389526769,0.2740303404403487
0.23456893242473245,0.31400086228105467,0.17931817906739986,0.6549214132755218,0.7035282387002576,0.032503819729500324,0.2739880681480468
0.2375006578864756,0.311148988845807,0.17936272556435495,0.6584309563909321,0.7004702474803872,0.027536595048271315,0.2739559161508201
0.2403195423546353,0.3083681487626058,0.17944232289703485,0.661805904219335,0.6974649770503188,0.02271970137915397,0.27393314165662436
0.243023871074271,0.305663937928005,0.17955344768222908,0.6650442603131502,0.6945202452928457,0.018059731379356028,0.2739189785418412
0.24561228258339293,0.30304163164613684,0.17969251224609925,0.6681444270636506,0.6916436498470068,0.013562795228264611,0.2739126444611374
0.24808375978490455,0.3005061601261678,0.17985589787877887,0.6711051969662548,0.6888425193554404,0.009234497892693918,0.27391334794347705
0.2504376203898039,0.2980620857160152,0.1800399876974361,0.6739257433697768,0.6861238653675807,0.005079917197631055,0.27392029541056095
0.25267350702134567,0.29571358182576785,0.1802411988091654,0.6766056109983103,0.6834943351684296,0.0011035826219843682,0.27393269805495246
0.2547913772741213,0.2934644134686588,0.1804560134787296,0.6791447065406343,0.6809601657914116,-0.0026905452725380996,0.27394977851662033
0.2567914940222734,0.29131791932538803,0.18068100902224696,0.6815160144179965,0.6785619497758562,-0.006279130937467138,0.2739528698934695
0.25867441626735715,0.2892769952193549,0.1809128861660972,0.683774924320929,0.6762354367638673,-0.00969926116233289,0.27397702689750164
0.2604409908087048,0.28734407887623836,0.18114849563029642,0.6858948528068319,0.6740200938639126,-0.01292891968811721,0.27400366237785073
0.2620923450076237,0.28552113583140204,0.1813848627171536,0.6878770721508274,0.6719200889207628,-0.01596661829418623,0.27403210544417433
0.26362988090144873,0.2838096463428624,0.18161920970895015,0.6897231808573442,0.6699389754435247,-0.018811534764078798,0.27406172503567067
0.2650552709044991,0.2822105931658809,0.18184897590258123,0.6914351007140295,0.6680796583332361,-0.02146353194305815,0.27409193424552947
0.2663704553104455,0.28072445004746654,0.18207183513449632,0.6930150758261324,0.666344362162944,-0.023923176932553067,0.2741221940974736
0.26757764178465315,0.27935117080480637,0.18228571067591098,0.6944656738344177,0.6647346021251535,-0.026191760520290985,0.27415201674266365
0.26867930700580295,0.2780901788605298,0.18248878740622768,0.6957897894899296,0.6632511577364943,-0.02827131693511217,0.2741809680512374
0.26967820058371716,0.27694035711916176,0.1826795212020734,0.6969906507253129,0.6618940493622367,-0.030164644003746213,0.274208669579379
0.2705773513448966,0.27590003808255487,0.1828566455105977,0.6980718273249881,0.6606625175937226,-0.03187532377341844,0.27423479990004124
0.2713800760389936,0.2749669941168275,0.1830191751089597,0.6990372422554091,0.6595550054795072,-0.03340774364937863,0.27425909529336895
0.27208999047846455,0.2741384277985714,0.18316640708765233,0.6998911856721193,0.658569143575592,-0.03476711808068806,0.2742813498015304
0.2727110230800206,0.27341096228308964,0.18329791913386162,0.7006383315724659,0.6577017377413162,-0.035959510811113614,0.27430141466210034
0.27324743073051094,0.27278063165126093,0.1834135652328498,0.7012837570118893,0.656948759564687,-0.036991857695316904,0.2743191971444182
0.27370381685152145,0.2722428712035299,0.18351346895085974,0.7018329637478146,0.6563053392539018,-0.03787199006391054,0.2743346588245434
0.27408515148653834,0.27179250767856566,0.1835980145126612,0.7022919021185878,0.6557657607799795,-0.03860865860495881,0.2743478133465552
0.2743967931820232,0.27142374937961344,0.18366783594104302,0.7026669969056911,0.6553234589985178,-0.0392115577143181,0.27435872373112513
0.27464451237939297,0.271130176192634,0.1837238045846498,0.7029651748659559,0.6549710184161119,-0.039691350253347864,0.27436749930650156
0.2748345159787172,0.2709047294764961,0.18376701542492854,0.7031938935566104,0.6547001731986873,-0.040059692640172645,0.27437429235239646
0.27497347267701716,0.27073970179619666,0.18379877262281458,0.703361171009948,0.6545018079445857,-0.04032926019002487,0.2743792945637635
0.27506853862437447,0.2706267264551302,0.18382057484136416,0.7034756157461138,0.6543659586644927,-0.04051377261146928,0.2743827334591442
0.2751273828794945,0.2705567667618098,0.18383410096194233,0.7035464565418591,0.6542818133231436,-0.04062801955833906,0.2743848688771671
0.2751582120827414,0.2705201049404741,0.18384119689878475,0.7035835712999229,0.6542377112041452,-0.040687886131903654,0.2743859897249224
0.27516979369859174,0.27050633056441015,0.18384386430976063,0.7035975142875586,0.6542211402592915,-0.040710378223771014,0.27438641116330603
0.2751714771103457,0.27050432835682686,0.1838442520997625,0.703599540933009,0.6542187314978186,-0.040713647586599976,0.2743864724370315
