-0.2617993877991494,-2.007128639793479,1.5707963267948966,0.17453292519943295,0.2617993877991494,1.1344640137963142,-2.007128639793479
-0.2617993877991494,-2.007128639793479,1.5707963267948966,0.17453292519943295,0.2617993877991494,1.1344640137963142,-2.007128639793479
-0.2617993877991494,-2.007128639793479,1.5707963267948966,0.17453292519943295,0.2617993877991494,1.1344640137963142,-2.007128639793479
-0.2617993877991494,-2.007128639793479,1.5707963267948966,0.17453292519943295,0.2617993877991494,1.1344640137963142,-2.007128639793479
-0.2617993877991494,-2.007128639793479,1.5707963267948966,0.17453292519943295,0.2617993877991494,1.1344640137963142,-2.007128639793479
-0.2617993877991494,-2.007128639793479,1.5707963267948966,0.17453292519943295,0.2617993877991494,1.1344640137963142,-2.007128639793479
-0.2617993877991494,-2.007128639793479,1.5707963267948966,0.17453292519943295,0.2617993877991494,1.1344640137963142,-2.007128639793479
-0.2617993877991494,-2.007128639793479,1.5707963267948966,0.17453292519943295,0.2617993877991494,1.1344640137963142,-2.007128639793479
-0.2617993877991494,-2.007128639793479,1.5707963267948966,0.17453292519943295,0.2617993877991494,1.1344640137963142,-2.007128639793479
-0.2617993877991494,-2.007128639793479,1.5707963267948966,0.17453292519943295,0.2617993877991494,1.1344640137963142,-2.007128639793479
-0.2617993877991494,-2.007128639793479,1.5707963267948966,0.17453292519943295,0.2617993877991494,1.1344640137963142,-2.007128639793479
-0.2617993877991494,-2.007128639793479,1.5707963267948966,0.17453292519943295,0.2617993877991494,1.1344640137963142,-2.007128639793479
-0.2617993877991494,-2.007128639793479,1.5707963267948966,0.17453292519943295,0.2617993877991494,1.1344640137963142,-2.007128639793479
-0.2617993877991494,-2.007128639793479,1.5707963267948966,0.17453292519943295,0.2617993877991494,1.1344640137963142,-2.007128639793479
-0.2617993877991494,-2.007128639793479,1.5707963267948966,0.17453292519943295,0.2617993877991494,1.1344640137963142,-2.007128639793479
-0.2617993877991494,-2.007128639793479,1.5707963267948966,0.17453292519943295,0.2617993877991494,1.1344640137963142,-2.007128639793479
-0.2617993877991494,-2.007128639793479,1.5707963267948966,0.17453292519943295,0.2617993877991494,1.1344640137963142,-2.007128639793479
-0.2617993877991494,-2.007128639793479,1.5707963267948966,0.17453292519943295,0.2617993877991494,1.1344640137963142,-2.007128639793479
-0.2617993877991494,-2.007128639793479,1.5707963267948966,0.17453292519943295,0.2617993877991494,1.1344640137963142,-2.007128639793479
-0.27674491602813,-2.003244832951799,1.5708329433551291,0.19027894650437308,0.26545831299946465,1.148762605255627,-2.002810507380649
-0.27674491602813,-2.003244832951799,1.5708329433551291,0.19027894650437308,0.26545831299946465,1.148762605255627,-2.002810507380649
-0.27674491602813,-2.003244832951799,1.5708329433551291,0.19027894650437308,0.26545831299946465,1.148762605255627,-2.002810507380649
-0.27674491602813,-2.003244832951799,1.5708329433551291,0.19027894650437308,0.26545831299946465,1.148762605255627,-2.002810507380649
-0.27674491602813,-2.003244832951799,1.5708329433551291,0.19027894650437308,0.26545831299946465,1.148762605255627,-2.002810507380649
-0.27674491602813,-2.003244832951799,1.5708329433551291,0.19027894650437308,0.26545831299946465,1.148762605255627,-2.002810507380649
-0.29243182029656184,-1.998276113816486,1.5687842568058652,0.2073153039517317,0.2703145116776093,1.163508018217371,-1.9963691555357523
-0.29243182029656184,-1.998276113816486,1.5687842568058652,0.2073153039517317,0.2703145116776093,1.163508018217371,-1.9963691555357523
-0.29243182029656184,-1.998276113816486,1.5687842568058652,0.2073153039517317,0.2703145116776093,1.163508018217371,-1.9963691555357523
-0.29243182029656184,-1.998276113816486,1.5687842568058652,0.2073153039517317,0.2703145116776093,1.163508018217371,-1.9963691555357523
-0.3063314118008291,-1.9937932668545495,1.5659882673084087,0.2223391607683134,0.2746803948181112,1.1759646251301643,-1.990070230097448
-0.3063314118008291,-1.9937932668545495,1.5659882673084087,0.2223391607683134,0.2746803948181112,1.1759646251301643,-1.990070230097448
-0.3063314118008291,-1.9937932668545495,1.5659882673084087,0.2223391607683134,0.2746803948181112,1.1759646251301643,-1.990070230097448
-0.3063314118008291,-1.9937932668545495,1.5659882673084087,0.2223391607683134,0.2746803948181112,1.1759646251301643,-1.990070230097448
-0.32295823684513225,-1.9889494643547097,1.563116109404043,0.23991438810818763,0.2792540559119366,1.1904715686140757,-1.9832562625373917
-0.32295823684513225,-1.9889494643547097,1.563116109404043,0.23991438810818763,0.2792540559119366,1.1904715686140757,-1.9832562625373917
-0.32295823684513225,-1.9889494643547097,1.563116109404043,0.23991438810818763,0.2792540559119366,1.1904715686140757,-1.9832562625373917
-0.33729134947055966,-1.9846103237974604,1.55968755863222,0.25486187825700285,0.2833255589469583,1.2021864010695316,-1.9768769080731576
-0.33729134947055966,-1.9846103237974604,1.55968755863222,0.25486187825700285,0.2833255589469583,1.2021864010695316,-1.9768769080731576
-0.33729134947055966,-1.9846103237974604,1.55968755863222,0.25486187825700285,0.2833255589469583,1.2021864010695316,-1.9768769080731576
-0.3529124354575148,-1.980228558038485,1.5563628114209047,0.2708001244879559,0.2872813628854865,1.2146052935184728,-1.9705240779604998
-0.3529124354575148,-1.980228558038485,1.5563628114209047,0.2708001244879559,0.2872813628854865,1.2146052935184728,-1.9705240779604998
-0.36453842110868734,-1.9767680670602001,1.5527819505137048,0.282196386557521,0.29034730710283824,1.2225889332876132,-1.9653570392740796
-0.36453842110868734,-1.9767680670602001,1.5527819505137048,0.282196386557521,0.29034730710283824,1.2225889332876132,-1.9653570392740796
-0.37665152645623806,-1.973515085526179,1.5497502082971393,0.2936729763595255,0.29300892056542244,1.2306453959790276,-1.9607846791197858
-0.37665152645623806,-1.973515085526179,1.5497502082971393,0.2936729763595255,0.29300892056542244,1.2306453959790276,-1.9607846791197858
-0.389264358886788,-1.9701524647657402,1.5466446362945883,0.30548844001248815,0.29569880067908755,1.2388554385197568,-1.9561652216116292
-0.3973235366397187,-1.9677657046520323,1.5432057518772215,0.3119529562337495,0.2974630085369548,1.2417479853688809,-1.952965161296985
-0.40536401685245854,-1.9657875521794803,1.5408035318076359,0.31789294981776367,0.29855433999561265,1.244382276695167,-1.950882095949345
-0.4135313582768396,-1.9637168310514876,1.5384489133121373,0.3238696570424606,0.29968440383047823,1.2470335675915507,-1.948864943154686
-0.42179788364742715,-1.96159582527426,1.5360582653635408,0.32986948408236605,0.30082975019650005,1.2496538568809925,-1.9468503235955956
-0.4301503625940008,-1.9594497715033266,1.5336261465186163,0.33587545032457566,0.3019669440003491,1.2522222967194656,-1.9448396379556652
-0.44296564564621427,-1.955716712740549,1.5251576019004551,0.33765693948965053,0.30252496917236144,1.2428591896395,-1.9437069501702737
-0.45447760879479715,-1.9536894069511128,1.5255793868250385,0.3466232893022124,0.3027953309549459,1.2493374988162325,-1.9431219745407837
-0.4630922362177648,-1.9512188234675552,1.523171555236676,0.3530499076705997,0.3042073462369283,1.2525006570366162,-1.9409304500706062
-0.47596223762348117,-1.9473524863866574,1.514606571501007,0.35474075357540846,0.30487023305201777,1.2433149660243292,-1.9396904932850918
-0.4873481529591635,-1.9452753812239476,1.5150165359463934,0.36357869583482877,0.3050729132843507,1.2497485330072675,-1.9391004416939863
-0.49583164812749386,-1.9428279400924502,1.5126253139865529,0.3698476687859076,0.30640894077585923,1.2528585917620032,-1.936940727584932
-0.5085543837538504,-1.9390322369450934,1.5042095547062801,0.37125736703017453,0.30697454415174247,1.2437807406190622,-1.9357953956860412
-0.5197238170321217,-1.936896011904439,1.504552436985333,0.3798950867552289,0.30714827455171284,1.2500874129402806,-1.9351681441803885
-0.5280098248823671,-1.9344840297917234,1.5021745827089694,0.3859285792933797,0.308404985457881,1.2530626552265776,-1.9330589122088375
-0.536047308041772,-1.9322978513226534,1.4996644998610376,0.391490800128828,0.3094325593182873,1.2554351527240901,-1.93104723788964
-0.5482736767016397,-1.9288185766444463,1.4918182185153632,0.3922622756061576,0.30964747026761247,1.2463440527293255,-1.930353036366309
-0.5590933850885548,-1.926592545790874,1.4919415086059178,0.4005652729098713,0.30984827050610386,1.2523382336577902,-1.9296045049551471
-0.5671036532580584,-1.924233518478383,1.4895233711483986,0.40619422896167345,0.31100086682681266,1.2549604802718688,-1.9275802160269577
-0.574879945158392,-1.9221185725776908,1.4870249568443785,0.4113027103311182,0.31188572678468757,1.2569311377500278,-1.9257234677817996
-0.582633857100962,-1.92008299554975,1.4845646468217883,0.4161937256968904,0.31263094286077475,1.2586293772975459,-1.9240198132853077
-0.5937931364445749,-1.9169799551723097,1.477781101769315,0.41617924289572905,0.31251552928191373,1.249849711989696,-1.9239753621301883
-0.6039068992241133,-1.9147216908540856,1.4775302675245954,0.4237891115497234,0.3127659630777498,1.255152889698581,-1.9230722863612728
-0.6115144625223312,-1.9124580960112783,1.4750347853455248,0.4287618317650586,0.3137677250771823,1.2571294924812175,-1.9212090455889645
-0.6189986573537986,-1.9104346590835808,1.4725288668790744,0.4331533850132112,0.3144358710390153,1.2583533176956379,-1.9196453289197504
-0.6265383482026543,-1.9084474791281465,1.4700432602526583,0.4372695770557639,0.31495960141140156,1.2591878104798677,-1.9182935685403275
-0.6341903990963134,-1.9064208308994977,1.4674991694972532,0.4411755179552105,0.3154203012467425,1.2596690482492248,-1.9170807364141411
-0.6420568507549914,-1.904326850594906,1.4648575992659698,0.44488198969344944,0.31581363694804343,1.259750195276573,-1.9160128872581268
-0.6503489135833566,-1.9021052351028584,1.4620329406021748,0.44838998747818304,0.3161280306063583,1.2593011260182887,-1.9151142608376344
-0.6503489135833566,-1.9021052351028584,1.4620329406021748,0.44838998747818304,0.3161280306063583,1.2593011260182887,-1.9151142608376344
-0.6586103526592589,-1.8999136356726345,1.460098334268065,0.4540883179153444,0.31682084149928225,1.2622481157137877,-1.913389416126212
-0.6664401450440302,-1.8976895457513734,1.4568318156166447,0.45782629349808657,0.3175023536714233,1.262181961783475,-1.9117823803849718
-0.6778709593535603,-1.8948138604919451,1.452891895225864,0.4610991368757333,0.3173166898754297,1.2594884333293692,-1.9114694039487012
-0.6778709593535603,-1.8948138604919451,1.452891895225864,0.4610991368757333,0.3173166898754297,1.2594884333293692,-1.9114694039487012
-0.6852345832298186,-1.8926917976580246,1.4508593611980392,0.4648174441824597,0.3177366380166627,1.2602184159920145,-1.9106001460485968
-0.6852345832298186,-1.8926917976580246,1.4508593611980392,0.4648174441824597,0.3177366380166627,1.2602184159920145,-1.9106001460485968
-0.6925983317056525,-1.890650584336608,1.448636539731874,0.4691163530805596,0.3183009702826866,1.2616527451840598,-1.909169116124149
-0.6925983317056525,-1.890650584336608,1.448636539731874,0.4691163530805596,0.3183009702826866,1.2616527451840598,-1.909169116124149
-0.6999733287300922,-1.8886324766892866,1.4461458416686361,0.47308359414170725,0.31881766876241646,1.2625292046713175,-1.9077411518808125
-0.6999733287300922,-1.8886324766892866,1.4461458416686361,0.47308359414170725,0.31881766876241646,1.2625292046713175,-1.9077411518808125
-0.7080479712937541,-1.8864494209854084,1.4432219289485186,0.4764837008269459,0.3191437101494914,1.2621537053241638,-1.9066359066179257
-0.7080479712937541,-1.8864494209854084,1.4432219289485186,0.4764837008269459,0.3191437101494914,1.2621537053241638,-1.9066359066179257
-0.7080479712937541,-1.8864494209854084,1.4432219289485186,0.4764837008269459,0.3191437101494914,1.2621537053241638,-1.9066359066179257
-0.7161309183144607,-1.8842654105516576,1.4406613544122508,0.47978871087953945,0.31932682762978043,1.2618258805090674,-1.9058660547608144
-0.7161309183144607,-1.8842654105516576,1.4406613544122508,0.47978871087953945,0.31932682762978043,1.2618258805090674,-1.9058660547608144
-0.7161309183144607,-1.8842654105516576,1.4406613544122508,0.47978871087953945,0.31932682762978043,1.2618258805090674,-1.9058660547608144
-0.7161309183144607,-1.8842654105516576,1.4406613544122508,0.47978871087953945,0.31932682762978043,1.2618258805090674,-1.9058660547608144
-0.7161309183144607,-1.8842654105516576,1.4406613544122508,0.47978871087953945,0.31932682762978043,1.2618258805090674,-1.9058660547608144
-0.7161309183144607,-1.8842654105516576,1.4406613544122508,0.47978871087953945,0.31932682762978043,1.2618258805090674,-1.9058660547608144
-0.7161309183144607,-1.8842654105516576,1.4406613544122508,0.47978871087953945,0.31932682762978043,1.2618258805090674,-1.9058660547608144
-0.7237157762486909,-1.8821441263809113,1.4381989080274005,0.48321945815536255,0.3196626738789873,1.261962908316907,-1.9048767995815157
-0.7237157762486909,-1.8821441263809113,1.4381989080274005,0.48321945815536255,0.3196626738789873,1.261962908316907,-1.9048767995815157
-0.7237157762486909,-1.8821441263809113,1.4381989080274005,0.48321945815536255,0.3196626738789873,1.261962908316907,-1.9048767995815157
-0.7237157762486909,-1.8821441263809113,1.4381989080274005,0.48321945815536255,0.3196626738789873,1.261962908316907,-1.9048767995815157
-0.7237157762486909,-1.8821441263809113,1.4381989080274005,0.48321945815536255,0.3196626738789873,1.261962908316907,-1.9048767995815157
-0.7237157762486909,-1.8821441263809113,1.4381989080274005,0.48321945815536255,0.3196626738789873,1.261962908316907,-1.9048767995815157
