0.017269372940063477
0.027639150619506836
0.0346372127532959
0.027444839477539062
0.02957630157470703
0.03139519691467285
0.03132200241088867
0.03640341758728027
0.03140091896057129
0.0258023738861084
0.015581607818603516
0.031395673751831055
0.02678537368774414
0.02128911018371582
0.03157186508178711
0.026317358016967773
0.029963254928588867
0.031218528747558594
0.036498308181762695
0.024157285690307617
0.03174543380737305
0.021630048751831055
0.02628469467163086
0.032174110412597656
0.021201372146606445
0.01601719856262207
0.035797834396362305
0.02957892417907715
0.03907489776611328
0.03171968460083008
0.03169846534729004
0.03165483474731445
0.047727346420288086
0.03507542610168457
0.031711578369140625
0.03007030487060547
0.032106637954711914
0.03730583190917969
0.031662702560424805
0.03929567337036133
0.03169846534729004
0.036077260971069336
0.027126073837280273
0.03620624542236328
0.03170657157897949
0.02151632308959961
0.04187917709350586
0.04121851921081543
0.04018855094909668
0.04214048385620117
0.026923179626464844
0.03057694435119629
0.031569719314575195
0.032115936279296875
0.032109737396240234
0.031659841537475586
0.03121805191040039
0.02751779556274414
0.0288541316986084
0.03135347366333008
0.025101661682128906
0.02758955955505371
0.03171586990356445
0.035759925842285156
0.0317234992980957
0.04777836799621582
0.032143592834472656
0.03182411193847656
0.03182411193847656
0.031674861907958984
0.03170657157897949
0.031603097915649414
0.03174877166748047
0.03208804130554199
0.0337069034576416
0.027361154556274414
0.02602839469909668
0.021204710006713867
0.02576446533203125
0.016004085540771484
0.024713993072509766
0.027091503143310547
0.03127002716064453
0.023267745971679688
0.03172945976257324
0.031109094619750977
0.033124446868896484
0.03576493263244629
0.03216195106506348
0.04021501541137695
0.02608513832092285
0.027626991271972656
0.031827449798583984
0.032169342041015625
0.03168010711669922
0.028061628341674805
0.027186870574951172
0.03127646446228027
0.017752885818481445
0.03172755241394043
0.0251157283782959
