0.054968198660218355,0.4277296376290257,0.22729101373646138,0.4366080552023521,0.8031108346719431,0.2854616697162663,0.2879201772848792
0.05497091591452429,0.42772896152142065,0.22728959211635436,0.4366111102027662,0.8031104103010519,0.28545869595116435,0.2879196766798765
0.05498960971917445,0.42772430953050083,0.22727981217444432,0.43663212730157264,0.8031074902874366,0.2854382372918578,0.2879162328595514
0.055039366748783444,0.42771192232399935,0.22725378386083173,0.43668806641102864,0.8030997135798642,0.28538378155361577,0.28790706821524065
0.055134322062699706,0.42768826237651586,0.22720412331521678,0.43679481212908267,0.8030848543777602,0.28527985439315756,0.28788958550734334
0.055287680683778505,0.4276499934462622,0.22712395000754174,0.43696719260158506,0.8030608051737282,0.2851119920397047,0.28786136902815507
0.05551173956857593,0.427593956227256,0.22700688576908237,0.4372189974542985,0.8030255564244647,0.2848667126755649,0.2878201869286693
0.05581790979589323,0.42751714142781944,0.22684705515796685,0.43756299510610924,0.8029771739020721,0.2845314869395581,0.287763994352971
0.0562167388028044,0.4274166613969063,0.2266390866822891,0.4380109496813758,0.8029137747045542,0.2840947079685414,0.2876909370369059
0.05671793250082881,0.4272897212971402,0.2263781144770775,0.43857363770569674,0.8028335027849262,0.28354566136285997,0.28759935507225476
0.057330377110876976,0.4271335907071257,0.2260597800970616,0.4392608647443694,0.802734504750898,0.28287449541703186,0.2874877865734802
0.05806216056468363,0.42694557642542974,0.2256802341446698,0.440081482106654,0.8026149065881846,0.28207219192801264,0.28735497102047347
0.05892059333297659,0.42672299714437517,0.22523613750161786,0.4410434037274151,0.8024727918657796,0.28113053784366887,0.28719985208110244
0.05991222855664579,0.4264631605633088,0.22472466197289276,0.442153623308548,0.8023061818963333,0.2800420979858032,0.2870215797492591
0.06104288137652715,0.42616334341816997,0.22414349018419846,0.4434182317920584,0.8021130182441605,0.2788001890388574,0.2868195116611572
0.0623176473797066,0.425820774816739,0.2234908145986414,0.4448424352247461,0.8018911478996645,0.2773988549572079,0.2865932134784526
0.0637409201050623,0.4254326231867494,0.22276533553635172,0.44643057306497036,0.8016383113712507,0.2758328439067699,0.2863424582506678
0.06531640757749414,0.4249959870668247,0.2219662580927936,0.4481861369749842,0.8013521338837878,0.274097586820266,0.28606722469141366
0.06704714786835932,0.4245078898976979,0.22109328785872753,0.4501117901409366,0.8010301198153503,0.272189177606801,0.28576769432260934
0.06893552370836178,0.42396527890309965,0.220146625348219,0.45220938715945197,0.8006696504520523,0.2701043550225174,0.28544424745951946
0.07098327620792082,0.4233650280858081,0.2191269590418248,0.45447999452952464,0.8002679850930524,0.26784048617510575,0.28509745802625513
0.0731915177681728,0.4227039453043109,0.2180354569512052,0.4569239117890346,0.7998222654941913,0.2653955516030683,0.2847280872068098
0.07556074429265955,0.42197878333914673,0.21687375660993471,0.4595406933366944,0.799329523598705,0.262768131840357,0.2843370759507565
0.07809084683479614,0.42118625480503086,0.21564395339418427,0.4623291709805882,0.7987866924670098,0.2599573953504836,0.2839255363658028
0.08078112283884717,0.42032305071514486,0.21434858707711532,0.4652874772556922,0.7981906202839607,0.2569630876891634,0.2834947420411726
0.08363028715186376,0.41938586245748305,0.212990626523009,0.4684130695520178,0.7975380872914073,0.2537855217337498,0.2830461173567806
0.086636483000372,0.4183714068997416,0.21157345243206307,0.4717027550959795,0.7968258254653391,0.25042556879744454,0.28258122584280043
0.089797293138162,0.4172764542991011,0.21010083805491242,0.47515271682274074,0.7960505407316423,0.2468846504338938,0.28210175766372364
0.09310975137998034,0.4160978586564425,0.20857692780771467,0.4787585401767411,0.7952089374903416,0.24316473072312805,0.28160951630878195
0.09657035473996535,0.41483259012125356,0.2070062137342849,0.48251524087023817,0.7942977451972485,0.23926830882401176,0.2811064045784093
0.10017507639315006,0.41347776902408706,0.2053935097814491,0.48641729362454666,0.7933137467323172,0.23519841157225743,0.28059440996283475
0.10391937967311536,0.4120307010881532,0.20374392387739798,0.4904586619099083,0.7922538082668771,0.2309585859025116,0.28007558951483946
0.10779823330891228,0.41048891335091287,0.20206282783023652,0.4946328286898864,0.7911149103268577,0.22655289087565655,0.2795520543237917
0.11180612808972196,0.40885019031077546,0.20035582509477193,0.49893282816523743,0.7898941797361256,0.22198588909789846,0.27902595370224265
0.1159370951265383,0.4071126098035795,0.1986287164894114,0.5033512784991234,0.7885889221134993,0.21726263732770093,0.27849945919979646
0.12018472585667378,0.40527457810887946,0.19688746398127605,0.5078804154911488,0.7871966545889133,0.21238867607933615,0.27797474856149823
0.12454219390943502,0.4033348637875057,0.1951381526955423,0.5125121271535805,0.785715138398267,0.20737001804605623,0.2774539897494403
0.12900227892031413,0.40129262975970614,0.19338695134384495,0.5172379891256927,0.7841424110139219,0.20221313518552445,0.27693932514708725
0.13355739234700117,0.39914746314764943,0.19164007130540264,0.5220493008473673,0.782476817467131,0.1969249443288031,0.2764328560652343
0.13819960530403197,0.39689940242727617,0.1899037246324555,0.5269371223949815,0.7807170405218213,0.1915127911982552,0.2759366276672933
0.14292067839460645,0.39454896146238044,0.18818408128768802,0.5318923118670382,0.7788621293645296,0.185984432742919,0.27545261442902097
0.14771209347877365,0.39209715002833234,0.1864872259545513,0.5369055631901739,0.7769115264843074,0.1803480177262512,0.2749827062443702
0.15256508727754964,0.3895454904736191,0.18481911479090632,0.5419674442015854,0.7748650924279729,0.17461206552691436,0.2745286952845098
0.15747068667342012,0.38689603021404206,0.18318553252127534,0.5470684348486602,0.772723128131454,0.16878544314148566,0.2740922637115284
0.16241974552990773,0.3841513498063108,0.18159205028238778,0.5521989653349012,0.7704863945455495,0.16287734040399338,0.2736749723416189
0.1674029828172721,0.3813145664042128,0.18004398464998608,0.5573494540295452,0.7681561292956627,0.15689724346481215,0.27327825034498543
0.17241102179874288,0.37838933246064516,0.17854635828135879,0.5625103449495686,0.7657340601387512,0.1508549065973025,0.27290338606118375
0.1774344300027534,0.3753798296015491,0.1771038626074356,0.5676721446162092,0.763222415007133,0.14476032242544773,0.2725515189992416
0.1824637596820822,0.3722907576621406,0.1757208230001723,0.572825458084378,0.7606239284574396,0.13862369068870756,0.2722236330817654
0.18748958844128977,0.36912731894058737,0.174401166825312,0.5779610239417726,0.7579418443740609,0.1324553856819896,0.2719205511815172
0.1925025596998337,0.3658951977882276,0.17314839476749147,0.5830697480764266,0.7551799148089744,0.12626592252725352,0.27164293098761894
0.19749342265017464,0.36260053571736944,0.1719655557843313,0.5881427360164988,0.7523423948737749,0.12006592244909149,0.27139126222682364
0.20245307136831947,0.3592499022663948,0.17085522600903438,0.5931713236534483,0.74943403363505,0.1138660772404356,0.271165865253335
0.2073725827387409,0.35585026191619284,0.16981949187773304,0.598147106170964,0.7464600609998275,0.10767711311420836,0.27096689100852406
0.21224325286644527,0.3524089374007752,0.16885993770910854,0.603061965016291,0.7434261706135132,0.10150975414299852,0.27079432233975226
0.21705663166603242,0.34893356979733064,0.16797763791054054,0.6079080927666994,0.7403384988288217,0.0953746854929471,0.27064797665558454
0.2218045553405931,0.3454320758161236,0.167173153928235,0.6126780157643492,0.7372035998386457,0.08928251665657717,0.2705275098829507
0.22647917649185403,0.3419126027378759,0.16644653599948306,0.6173646144140854,0.7340284171001793,0.08324374488648782,0.2704324216805861
0.23107299163655395,0.3383834814651706,0.16579732970452873,0.6219611410638566,0.7308202512095197,0.07726871902360062,0.2703620618523467
0.2355788659420126,0.33485317816461363,0.16522458725464773,0.626461235412944,0.7275867244169946,0.07136760390411355,0.27031563789396584
0.23999005503549867,0.3313302449780357,0.16472688339304503,0.6308589374219189,0.7243357420012532,0.06555034551465017,0.27029222359751987
0.24430022378653043,0.3278232702739456,0.16430233572717245,0.6351486977266391,0.7210754507464407,0.059826637049582,0.27029076862946944
0.24850346200780332,0.32434082889518234,0.16394862925607734,0.6393253855889015,0.7178141947896226,0.05420588600507624,0.2703101089906424
0.25259429706816416,0.32089143283573224,0.16366304480529775,0.643384294446647,0.7145604691257255,0.048697182423327934,0.2703489782600308
0.25656770345903973,0.31748348274972565,0.16344249103545916,0.6473211451566724,0.7113228710744648,0.04330926837790436,0.2704060195188066
0.26041910940311946,0.3141252206595445,0.16328353964975983,0.6511320870526044,0.7081100500275261,0.03805050876688356,0.2704797978465588
0.2641444006400305,0.31082468418875714,0.16318246339046177,0.6548136969699065,0.7049306558047187,0.032928863455210095,0.2705688132783982
0.2677399215674172,0.30758966260034487,0.16313527638573982,0.6583629764167226,0.7017932859555364,0.027951860782866305,0.27067151410929874
0.2712024739565359,0.30442765487254203,0.16313777638597565,0.6617773470954135,0.698706432346443,0.023126572429635343,0.270786310430788
0.2745293134984878,0.3013458299947848,0.16318558841290798,0.6650546450029334,0.6956784273754693,0.018459589602745876,0.2709115877848611
0.2777181444700072,0.2983509896159571,0.16327420933590442,0.6681931133589011,0.6927173901540542,0.013957000490360631,0.2710457208206883
0.28076711283575084,0.29544953312750294,0.1633990528868139,0.671191394628794,0.6898311729909129,0.00962436890084156,0.27118708684134674
0.2836747981269357,0.2926474252161712,0.16355549462811775,0.6740485219238809,0.6870273085059526,0.005466713988378634,0.2713340791302621
0.28644020445361074,0.28995016587619243,0.16373891639804117,0.6767639100711779,0.6843129576921749,0.0014884909470592085,0.2714851199503556
0.2890627510196424,0.2873627628295058,0.16394474977050855,0.6793373466544806,0.6816948592312096,-0.0023064274601581466,0.27163867311294676
0.29154226251541127,0.28488970626601023,0.16416851808682575,0.6817144936089004,0.6792486635208668,-0.005874564914747966,0.2717574135064932
0.2938789597634194,0.28253494578443683,0.16440587663934775,0.684005305168878,0.6768415415572698,-0.009293532452895013,0.27191156720109483
0.2960734509861828,0.2803018693886395,0.164652650614595,0.6861556520733056,0.6745478652371452,-0.012521255999911201,0.2720639939059401
0.29812672405441343,0.27819328437443097,0.1649048704339844,0.6881667336849391,0.6723722114204342,-0.015556365632079685,0.27221343730117015
0.3000401400563689,0.2762113999284008,0.1651588041641257,0.6900400874958168,0.6703185096942517,-0.01839815902235189,0.27235873577807534
0.3018154285067856,0.27435781125258163,0.16541098670523094,0.6917775862257864,0.668390004709519,-0.021046618163209272,0.27249883057350127
0.30345468448615687,0.272633485027035,0.16565824550539243,0.693381436864955,0.6665892214069117,-0.023502426348350328,0.2726327729216688
0.3049603679685357,0.27103874602596145,0.16589772259020372,0.6948541818717692,0.6649179332707597,-0.025766985552330934,0.2727597301762156
0.3063353055588454,0.26957326471127885,0.16612689274140824,0.6961987027073564,0.6633771337206504,-0.027842434332176837,0.27287899086523043
0.30758269481919515,0.2682360456398701,0.16634357770506814,0.6974182258529338,0.6619670107177053,-0.029731666358992628,0.27298996865293296
0.3087061113182292,0.26702541653605955,0.16654595635933206,0.6985163314185455,0.6606869246279311,-0.03143834966810037,0.27309220519342836
0.3097095184884516,0.2659390178982377,0.16673257082451295,0.6994969644090622,0.6595353893475104,-0.0329669466945706,0.27318537187479874
0.31059728032416084,0.26497379302672236,0.16690232855422954,0.7003644486685624,0.6585100566527068,-0.03432273513948105,0.2732692704659166
0.3113741768974102,0.2641259783777697,0.16705450050617007,0.7011235034743796,0.6576077036930346,-0.03551182968700301,0.2733438326936736
0.31204542261174056,0.26339109416470785,0.1671887155551031,0.7017792627015005,0.656824223495348,-0.036541204570235915,0.27340911879530944
0.3126166870536135,0.26276393514025737,0.16730495137946608,0.7023372964226474,0.6561546182930085,-0.037418716958560784,0.2734653151089872
0.313094118239981,0.26223856150282693,0.16740352212673484,0.7028036347514524,0.6555929954356413,-0.03815313111475509,0.27351273078599186
0.3134843679974882,0.2618082898727804,0.16748506324215603,0.7031847936787579,0.6551325655672522,-0.03875414325110073,0.273551793730376
0.31379461914488094,0.2614656842811808,0.16755051393077858,0.7034878025878866,0.654765642692266,-0.03923240698908173,0.27358304589592775
0.314032614085423,0.2612025471024129,0.1676010978143304,0.7037202330730608,0.6544836456690828,-0.03959955931150741,0.2736071380970126
0.31420668435074894,0.2610099098427093,0.16763830244264347,0.7038902286173615,0.654277100589152,-0.03986824687585488,0.2736248245183482
0.31432578057164523,0.2608780236684557,0.16766385842427822,0.7040065346229867,0.6541356434037755,-0.040052152549326606,0.2736369571403462
0.3143995022845917,0.26079634952137426,0.16767971905284168,0.7040785282106433,0.654048022070554,-0.04016602200412073,0.27364448032930394
0.314438126915216,0.26075354762262193,0.16768804142441218,0.7041162471428603,0.6540020973743003,-0.04022569021659419,0.2736484258790269
0.3144526372104908,0.26073746611561455,0.16769117016749852,0.7041304171398004,0.6539848414794971,-0.04024810768718781,0.2736499088272614
0.3144547463195204,0.26073512853968095,0.16769162504022264,0.7041324767822325,0.6539823331486734,-0.04025136619750558,0.2736501244092003
