-0.26180183480884434,-2.00713313457073,1.5707930236904675,0.17452648430625828,0.2617899840630569,1.134497364037917,-2.0071296348042824
-0.2618091161213375,-2.0071310591041467,1.5707906072041125,0.17452814554542462,0.2617903707975496,1.1344972704227951,-2.0071293279968585
-0.26185920894794595,-2.0071167805117573,1.570773982733712,0.17453957430116634,0.26179303134194115,1.1344966262033163,-2.007127217161749
-0.26199253889465707,-2.007078775010472,1.570729734772011,0.17456999361556363,0.2618001116378329,1.134494911469546,-2.007121598024622
-0.26224697740141867,-2.007006244439976,1.5706452975661491,0.17462804349015587,0.26181361855859564,1.134491638767229,-2.0071108714323747
-0.2626578953999224,-2.0068890985125,1.57050893944472,0.17472179277704142,0.2618354191683822,1.13448635218955,-2.0070935385329425
-0.26325821706370867,-2.0067179363815586,1.5703097476615193,0.17485875103247264,0.26186723915560983,1.1344786262760218,-2.0070681952864766
-0.26407847361852743,-2.006484027773354,1.5700376135763545,0.17504588032788088,0.2619106606639119,1.1344680648623562,-2.0070335265421217
-0.2651468571735092,-2.0061792938631564,1.5696832180291984,0.1752896070348816,0.2619671197919228,1.134454299900489,-2.006988299861747
-0.2664892745350291,-2.0057962880647127,1.5692380167781272,0.17559583359943554,0.2620379039927497,1.1344369902606506,-2.0069313592599216
-0.2681294009685922,-2.005328176879112,1.5686942258862029,0.1759699503150087,0.2621241495801246,1.1344158205429362,-2.0068616190051354
-0.27008873387468524,-2.004768720932679,1.5680448069578112,0.17641684710805283,0.2622268395196022,1.1343904998959284,-2.0067780576145515
-0.2723866463504417,-2.0041122563130087,1.5672834521374344,0.176940925340915,0.26234680166270585,1.1343607608729487,-2.0066797121488356
-0.27504044061059957,-2.003353676297684,1.56640456879786,0.1775461096417417,0.2624847075549106,1.134326358324337,-2.0065656729033208
-0.27806540124678675,-2.0024884135533667,1.5654032638565638,0.17823585976715398,0.2626410719272219,1.1342870683359603,-2.0064350785727156
-0.281474848309431,-2.0015124228678816,1.5642753276704204,0.1790131825018183,0.26281625295975786,1.134242687226538,-2.0062871119505354
-0.285280190201234,-2.0004221644647813,1.5630172174701245,0.17988064360021228,0.26301045338375906,1.13419303060451,-2.006120996212502
-0.28949097637739396,-1.9992145879364334,1.5616260403056559,0.18084037977386477,0.2632237224694027,1.1341379324907206,-2.0059359918182986
-0.29411494985345304,-1.99788711681969,1.5600995354837255,0.1818941107270618,0.2634559589278897,1.1340772445110556,-2.0057313940538233
-0.299158099527486,-1.9964376338270367,1.5584360564870983,0.1830431512435615,0.26370691473862157,1.1340108351618023,-2.005506531224589
-0.30462471232893384,-1.9948644667358082,1.5566345523740333,0.18428842332658735,0.2639761998957236,1.1339385891487779,-2.0052607635004165
-0.31051742521186176,-1.993166374928372,1.5546945486637964,0.18563046839369327,0.2642632880531874,1.1338604068021851,-2.0049934824013524
-0.3168372770153241,-1.991342536567431,1.552616127721364,0.18706945952773285,0.2645675230340227,1.1337762035682983,-2.004704110905869
-0.3235837602177544,-1.9893925363826834,1.5503999086611446,0.18860521378513248,0.2648881261560582,1.1336859095762215,-2.0043921041547974
-0.3307548726162095,-1.987316354037533,1.548047026795485,0.19023720456157728,0.2652242043164075,1.1335894692814614,-2.0040569507163766
-0.33834716896395667,-1.9851143530382587,1.545559112659426,0.19196457401558617,0.26557475876645636,1.1334868411825116,-2.003698174372535
-0.34635581260227044,-1.9827872701419,1.5429382706480208,0.193786145549177,0.26593869450149016,1.1333779976104361,-2.003315336380117
-0.3547746271233722,-1.980336205214111,1.5401870573070975,0.1957004363448203,0.2663148301820946,1.1332629245878416,-2.002908038156753
-0.3635961481019105,-1.9777626114836198,1.5373084593222162,0.19770566995696864,0.2667019084993605,1.1331416217546302,-2.0024759243369323
-0.3728116749317963,-1.9750682861361772,1.5343058712539581,0.19979978895608427,0.26709860689193227,1.1330141023555915,-2.00201868614122
-0.3824113228039904,-1.9722553611876084,1.5311830730704425,0.20198046762194358,0.2675035485208146,1.1328803932869236,-2.0015360649986444
-0.39238407485846893,-1.9693262945732222,1.527944207530267,0.20424512468281975,0.26791531340645436,1.132740535195095,-2.0010278563615556
-0.40271783454083554,-1.966283861388914,1.5245937574706399,0.20659093609602672,0.26833244963298775,1.1325945826226036,-2.0004939136509803
-0.41339947819034295,-1.9631311452181774,1.521136523056565,0.20901484786477162,0.26875348452593806,1.1324426041941897,-1.9999341522704839
-0.42441490788199593,-1.959871529478728,1.5175775990473441,0.21151358888542468,0.26917693571208584,1.132284682836145,-1.9993485536270827
-0.43574910454066823,-1.9565086887225787,1.5139223521365133,0.21408368381875606,0.2696013219738172,1.1321209160211916,-1.9987371690987261
-0.4473861813402132,-1.9530465798241967,1.510176398420521,0.2167214659779278,0.2700251738146414,1.1319514160307758,-1.9981001238894638
-0.4593094373951534,-1.949489432992769,1.5063455810501192,0.2194230902256965,0.27044704365772465,1.1317763102256317,-1.997437620715589
-0.47150141174718063,-1.9458417425465706,1.502435948116403,0.2221845458726027,0.2708655156052163,1.1315957413159743,-1.9967499432683031
-0.48394393764319227,-1.9421082573899864,1.4984537308208952,0.2250016695676186,0.2712792146925431,1.1314098676221997,-1.9960374594013168
-0.49661819709611005,-1.938293971136855,1.494405321976034,0.22787015817268721,0.271686815578577,1.1312188633158953,-1.9953006239951532
-0.5095047757145938,-1.9344041118273152,1.4902972548787243,0.23078558161217275,0.27208705061984173,1.131022918632248,-1.9945399814529596
-0.5225837177827332,-1.9304441311894036,1.4861361825956023,0.23374339568846783,0.27247871728414247,1.1308222400441779,-1.9937561677864406
-0.5358345815661651,-1.9264196934010538,1.4819288576941607,0.23673895485513316,0.27286068486640147,1.130617050388623,-1.9929499122542547
-0.5492364948169257,-1.9223366633128889,1.4776821124490234,0.23976752493921197,0.2732319004768585,1.130407588935937,-1.9921220385190181
-0.5627682104455712,-1.9182010940972807,1.4734028395475203,0.24282429580485404,0.2735913942789896,1.1301941113934288,-1.9912734652930566
-0.5764081623260512,-1.9140192142943608,1.469097973313291,0.2459043939507679,0.2739382839616055,1.1299768898352698,-1.9904052064468278
-0.590134521196094,-1.9097974142311764,1.464774471461188,0.24900289503501014,0.27427177843623246,1.1297562125501988,-1.9895183705582298
-0.603925250614013,-1.905542231795665,1.460439297391032,0.2521148363210614,0.2745911807573957,1.1295323838005826,-1.9886141598846074
-0.617758162931389,-1.9012603375527615,1.4560994030222396,0.2552352290403686,0.2748958902693826,1.129305723485433,-1.9876938687435763
-0.6316109752405256,-1.8969585191954892,1.451761712165613,0.25835907066698544,0.275185403988809,1.129076566703306,-1.9867588812920167
-0.6454613652552549,-1.8926436653294407,1.4474331044233664,0.26148135710160336,0.2754593172373063,1.1288452632083879,-1.985810668697237
-0.6592870270844556,-1.88832274859443,1.4431203996030049,0.2645970947626485,0.2757173235435874,1.1286121767574515,-1.9848507856971607
-0.6730657268585525,-1.8840028081323383,1.4388303426259286,0.26770131258372776,0.27595921383825867,1.1283776843433675,-1.9838808665507717
-0.6867753581711914,-1.8796909314152082,1.4345695889068193,0.27078907391726326,0.2761848749687649,1.1281421753146823,-1.9829026203828983
-0.7003939973002886,-1.87539423545243,1.430344690175868,0.27385548834575896,0.2763942875650789,1.1279060503784544,-1.9819178259318007
-0.7138999581756721,-1.8711198474003692,1.4261620807118947,0.2768957234025532,0.2765875232899909,1.127669720488122,-1.980928325710521
-0.7272718470635268,-1.866874884602004,1.4220280639513276,0.2799050162053961,0.2767647415103049,1.1274336056160523,-1.9799360195972049
-0.7404886169416509,-1.862666434088014,1.417948799435106,0.2828786850067565,0.2769261854277097,1.1271981334133785,-1.9789428578724242
-0.75352962154351,-1.8585015315743223,1.413930290053383,0.2858121406656829,0.2770721777100406,1.1269637377601582,-1.9779508337250014
-0.7663746690534142,-1.8543871399942748,1.4099783695462664,0.2887008980468406,0.2772031156653969,1.1267308572094015,-1.9769619752512366
-0.7790040754397916,-1.850330127606473,1.4060986902177068,0.2915405873529211,0.27731946600308977,1.1264999333300731,-1.9759783369755053
-0.7913987174184366,-1.8463372457217677,1.4022967108190645,0.29432696539705794,0.2774217592267461,1.1262714089553993,-1.9750019909232939
-0.8035400850424592,-1.8424151060949734,1.3985776845590712,0.2970559268227526,0.2775105837058786,1.1260457263415522,-1.9740350172814862
-0.815410333921053,-1.8385701580286846,1.3949466471971748,0.2997235152784826,0.2775865794734149,1.1258233252462337,-1.9730794946827632
-0.8269923370740593,-1.8348086652378695,1.391408405178618,0.30232593455514806,0.2776504317972709,1.1256046409333471,-1.972137490155118
-0.8382697364347266,-1.8311366825250304,1.387967523770828,0.3048595596940497,0.27770286457496396,1.1253901021141333,-1.9712110487793926
-0.8492269940179092,-1.8275600323163732,1.384628315162826,0.30732094807355104,0.2777446336006875,1.125180128833352,-1.9703021831011638
-0.859849442775957,-1.8240842811097782,1.381394826491557,0.30970685048238583,0.2777765197548063,1.1249751303107383,-1.969412862345559
-0.8701233371692271,-1.8207147158854458,1.3782708277616162,0.31201422218738634,0.2777993221660488,1.1247755027487099,-1.9685450014858443
-0.8800359034823937,-1.8174563205297503,1.375259799627804,0.3142402340035021,0.2778138513967768,1.124581627116284,-1.9677004502191395
-0.8895753899219275,-1.814313752322309,1.372364921012805,0.3163822833733692,0.27782092270182995,1.1243938669212823,-1.9668809819038238
-0.8987311165334586,-1.8112913185353283,1.3695890565355613,0.3184380054637396,0.2778213494111414,1.124212565981434,-1.9660882825151307
-0.9074935249809364,-1.8083929531931464,1.3669347437290147,0.32040528428548803,0.27781593648597785,1.1240380462060955,-1.9653239396761042
-0.9158542282319444,-1.8056221940384236,1.3644041800290259,0.32228226384356834,0.2778054742979866,1.1238706054004277,-1.9645894318215689
-0.9237928968174356,-1.802950540565513,1.362018388144115,0.32408345546714473,0.2778102509112369,1.1236120500153397,-1.9639233947691976
-0.9313299144077525,-1.800443952977693,1.3597404310421557,0.3257753119683658,0.2777918518134767,1.1234597727952649,-1.963252888491671
-0.9384475924643164,-1.7980729794258705,1.3575906434695424,0.32737297751100447,0.27777063718387884,1.1233152838447364,-1.962615869107958
-0.9451427258131455,-1.795839347575699,1.3555697274838396,0.3288757481677239,0.27774728278540983,1.1231787643208493,-1.9620132747842252
-0.9514135292330036,-1.7937442782630852,1.3536779761062192,0.33028323640134954,0.277722423644709,1.12305036100587,-1.9614458843426428
-0.9572596875586292,-1.7917884645540743,1.3519152587200285,0.33159538250513415,0.2776966501204723,1.122930184461961,-1.9609143083980762
-0.962682406009575,-1.7899720512696107,1.350281006191198,0.3328124661045665,0.27767050448909253,1.1228183072784215,-1.9604189809968855
-0.9676844607821738,-1.7882946149986294,1.3487741957120498,0.33393511772300716,0.2776444780768752,1.1227147624192133,-1.9599601517965004
-0.9722702499374357,-1.7867551446182666,1.3473933353718908,0.33496433041318757,0.27761900896311614,1.1226195416752731,-1.95953787881927
-0.9764458446126972,-1.7853520223351047,1.3461364484589995,0.33590147145544985,0.2775944802727437,1.122532594227907,-1.9591520218063752
-0.9802190405786134,-1.784083005255567,1.3450010575004008,0.336748294123488,0.27757121907073484,1.1224538253249372,-1.958802236190997
-0.9835994101565622,-1.7829452074876428,1.3439841680471565,0.3375069495171531,0.2775494958633645,1.1223830950723785,-1.9584879677006335
-0.9865983545044494,-1.781935082769232,1.3430822522146115,0.33817999846120606,0.2775295247032816,1.1223202173420006,-1.958208447589231
-0.9892291562706693,-1.7810484076107314,1.3422912319893916,0.3387704234686555,0.27751146388635156,1.1222649587898579,-1.95796268849068
-0.9915070326088168,-1.7802802649317784,1.3416064623164161,0.3392816407648551,0.27749541721861903,1.1222170379873873,-1.9577494808712665
-0.9934491885361708,-1.7796250281622923,1.3410227139831588,0.33971751236951453,0.27748143582051243,1.1221761246529764,-1.9575673900503454
-0.9950748706113116,-1.7790763457686307,1.3405341563208193,0.3400823582308485,0.2774695204238735,1.1221418389796607,-1.957414753742291
-0.9964054208969736,-1.778627126154553,1.340134339746727,0.3403809684056862,0.27745962410430053,1.1221137510471793,-1.9572896800605701
-0.9974643311653063,-1.778269522874603,1.3398161781774627,0.34061861527833265,0.27745165537717115,1.1220913803016703,-1.957190045910786
-0.9982772972948496,-1.7779949200854352,1.3395719313469603,0.3408010658074681,0.2774454815708577,1.1220741950948692,-1.957113495680251
-0.9988722737982493,-1.7777939181452667,1.33939318707256,0.3409345937919673,0.2774409323736603,1.1220616122525167,-1.9570574401213572
-0.9992795284128425,-1.7776563192579946,1.3392708435178373,0.3410259921411351,0.2774378034339962,1.1220529966592343,-1.9570190553018432
-0.9995316966766262,-1.77757111304129,1.3391950915111948,0.34108258513510387,0.277435859874087,1.122047660830342,-1.956995281481045
-0.9996638364034448,-1.7775264618804674,1.3391553969892498,0.34111224065918533,0.27743483955727016,1.1220448644367529,-1.95698282175219
-0.9997134819637747,-1.7775096859120367,1.339140483643681,0.34112338239142226,0.27743445592818217,1.1220438137580375,-1.9569781402664168
-0.9997206982703297,-1.7775072474650497,1.339138315859367,0.341125001918111,0.2774344002211402,1.1220436610474274,-1.9569774598267216
