9.518432613032281e-16,1.5848048071510756e-05,5.774778897061412e-31
2.1677797545656835e-16,1.5848157039889368e-05,3.399736064846694e-32
6.19429893668805e-16,1.5848816929407345e-05,2.308180588177089e-31
1.0103182026100663e-16,1.585060431789192e-05,1.013831548053223e-31
1.5218182408308987e-16,1.5854015965810214e-05,8.304239198008257e-32
0.0,1.5859526094125195e-05,2.3612413835689688e-32
5.721958498152797e-17,1.5867578897047346e-05,8.455008010330461e-32
1.0103182026100663e-16,1.5878587254282152e-05,1.269910029082389e-31
1.8670653977139892e-16,1.5892935048925267e-05,4.1523439506187477e-32
2.7194799110210365e-16,1.5910977089675267e-05,6.764763069080164e-32
2.996606141238032e-16,1.5933042938637554e-05,9.242591888720736e-32
4.560706458366088e-16,1.5959435333741218e-05,1.8129947177503918e-31
3.6880726988814704e-16,1.5990432966405066e-05,9.308444166394132e-32
6.438231684870799e-16,1.602629129014889e-05,2.2500012045911497e-31
8.059876985673011e-16,1.6067243738663764e-05,3.8668781847354678e-31
9.281532546537833e-16,1.611350267849775e-05,5.541742136953068e-31
1.3426356273935429e-15,1.6165260474073502e-05,9.197309283668236e-31
1.3328457452769193e-15,1.6222690316242183e-05,9.084042729772927e-31
1.2412670766236366e-16,1.6285947381208064e-05,2.265986355549899e-32
7.97218214573518e-17,1.6355169628914588e-05,1.195166205459447e-32
6.206335383118183e-17,1.643047834673031e-05,9.275729417954372e-33
5.721958498152797e-17,1.6511979151597e-05,1.3562054761053749e-31
6.798699777552591e-17,1.659976254996577e-05,1.2064077548647802e-32
1.8824747269678055e-16,1.6693904490190263e-05,3.086009962228044e-32
2.7755575615628914e-17,1.679446701224856e-05,3.1234407178007475e-32
1.8253379971363983e-16,1.690149862683709e-05,3.217709579915744e-32
8.326672684688674e-17,1.701503486510289e-05,7.723692897478161e-32
2.0014830212433605e-16,1.713509846987952e-05,8.11385718365649e-32
6.206335383118183e-17,1.7261699900418508e-05,4.187335804882928e-32
6.206335383118183e-17,1.7394837483108836e-05,3.174775322852269e-32
6.938893903907228e-17,1.7534497543047454e-05,5.182113496170766e-32
5.551115123125783e-17,1.768065470661776e-05,2.5540147325594164e-32
3.152427400121712e-16,1.7833271966042823e-05,1.1839497050100405e-31
6.206335383118183e-17,1.7992300576688444e-05,3.3977107825767645e-32
1.0477500027681816e-16,1.8157680156224547e-05,2.51271159701912e-32
6.206335383118183e-17,1.832933864489506e-05,4.506700497620593e-32
1.5700924586837752e-16,1.8507192097169153e-05,1.8956132760207587e-32
2.254873622441467e-16,1.8691144595937997e-05,6.204277361362668e-32
1.4946834900704541e-16,1.8881087904696595e-05,3.088568011021559e-32
6.206335383118183e-17,1.9076901430697846e-05,5.216731457353153e-32
6.206335383118183e-17,1.927845167587848e-05,1.1100326194084851e-32
1.6653345369377348e-16,1.9485591994638857e-05,2.7314408655608685e-32
2.0396099332657776e-16,1.96981622852314e-05,3.0469031243881844e-32
1.1443916996305594e-16,1.9915988350305438e-05,3.4468658028526355e-32
1.4946834900704541e-16,2.0138881708017906e-05,2.985464668968117e-32
3.925231146709438e-17,2.0366638896859894e-05,1.7791499832755523e-31
0.0,2.05990410880979e-05,3.6668385623571094e-32
2.3055512673781017e-16,2.0835853609049133e-05,1.002000943523575e-31
1.2719202621569003e-16,2.1076825412026556e-05,8.08890576642639e-33
1.6883057536160649e-16,2.1321688559242777e-05,2.1714556057484842e-32
8.326672684688674e-17,2.1570157892030995e-05,4.8318432354989025e-32
6.206335383118183e-17,2.1821930428200157e-05,9.776287147848028e-32
1.4946834900704541e-16,2.2076685214724608e-05,2.7112486484836176e-32
1.7554167342883506e-16,2.233408288335261e-05,6.616426940403842e-32
1.4946834900704541e-16,2.259376551631343e-05,3.3246266638719295e-32
1.3877787807814457e-16,2.285535648786404e-05,9.492277505926583e-32
2.3055512673781017e-16,2.311846057637335e-05,3.29763937151507e-32
0.0,2.3382664086808006e-05,1.5028890288973352e-32
8.326672684688674e-17,2.364753515307432e-05,6.395053405600577e-32
1.0385185452638061e-16,2.391262428806636e-05,6.16754490429787e-32
5.551115123125783e-17,2.4177465057891684e-05,9.695165236681058e-32
7.850462293418876e-17,2.444157511619737e-05,1.974945266953352e-32
6.206335383118183e-17,2.4704457251709406e-05,1.925929944387236e-33
0.0,2.496560092756411e-05,3.825234177583119e-32
1.2412670766236366e-16,2.522448386111107e-05,6.341175501408201e-32
1.6653345369377348e-16,2.5480574152551732e-05,3.64888598988731e-32
2.0770370905276122e-16,2.5733332404675043e-05,2.810002378137315e-32
5.551115123125783e-17,2.598221441880742e-05,1.953620214844489e-32
1.3597399555105182e-16,2.6226673883611435e-05,5.276257351101853e-32
1.8410966031475738e-16,2.6466165638411922e-05,5.198269573937157e-32
1.3597399555105182e-16,2.6700149076730556e-05,6.822303999289723e-32
1.6653345369377348e-16,2.692809166498918e-05,8.367493709939536e-32
5.551115123125783e-17,2.714947302410777e-05,1.4945377175313926e-32
1.1102230246251565e-16,2.7363788958039506e-05,5.936115289845376e-32
1.3597399555105182e-16,2.757055569044559e-05,2.611712046565303e-32
5.551115123125783e-17,2.41126191870216e-05,1.5407439555097887e-33
1.3597399555105182e-16,2.390598459062914e-05,5.428557260309247e-32
5.551115123125783e-17,2.371212477884217e-05,2.4174517706760914e-32
9.614813431917819e-17,2.3530892430886775e-05,1.5120204829492764e-32
6.206335383118183e-17,2.336211843154577e-05,4.348050621707586e-32
8.326672684688674e-17,2.3205611047907377e-05,1.0169702541251158e-32
1.1102230246251565e-16,2.3061154736171225e-05,1.4737075685433066e-32
1.2685846686484803e-15,2.2928508986502944e-05,9.229574567046296e-31
1.009936878496612e-15,2.2807407170146588e-05,5.273366955571778e-31
9.276343563884516e-16,2.2697554951000694e-05,4.447108837156428e-31
6.15648449243079e-16,2.259862863036632e-05,2.049192331699834e-31
5.382005793715205e-16,2.2510273476976402e-05,1.6003123880943844e-31
4.685680459230494e-16,2.2432101804974696e-05,1.2837143379534336e-31
3.597533769998862e-16,2.2363691127400826e-05,1.3932855819539248e-31
3.2487068343022356e-16,2.2304581496024094e-05,8.521666604764443e-32
2.0014830212433605e-16,2.2254274323982445e-05,9.017729078040967e-32
2.618455766672135e-16,2.221222831350135e-05,6.563364975616814e-32
1.942890293094024e-16,2.217785878213585e-05,4.5029035678614045e-32
7.850462293418876e-17,2.2150533359635062e-05,1.0957158884020018e-31
1.4946834900704541e-16,2.212957172503041e-05,1.0225561044112308e-31
2.498001805406602e-16,2.2114239680328914e-05,7.553786919999137e-32
2.237726045655905e-16,2.2103748884757722e-05,6.716644198125118e-32
1.3877787807814457e-16,2.209725576721415e-05,2.449302617158555e-32
9.836601059614785e-16,2.209385461804735e-05,5.075103472848123e-31
4.263892432392673e-16,2.2092575349279163e-05,1.6013853515000017e-31
7.850462293418876e-17,2.2092391499128548e-05,2.394301458054249e-32
