-0.11423878108775849,-0.34470135647890643,0.144499991167482,0.0,0.9063077870366499,-0.42261826174069944,0.0
-0.1142315197980759,-0.3447042142096892,0.14449900610748198,0.0,0.906309240207594,-0.42261514539156514,0.0
-0.11418156281596882,-0.3447238701657649,0.144492229247482,0.0,0.906319237212792,-0.42259370589021183,0.0
-0.11404857834565088,-0.3447761517180097,0.14447419158748198,0.0,0.9063458433153233,-0.4225366401923452,0.0
-0.11379473423705201,-0.3448757778145525,0.144439769727482,0.0,0.9063966066450428,-0.4224277351954433,0.0
-0.11338459669770991,-0.3450362726431532,0.144384178667482,0.0,0.9064785614305023,-0.4222518415198293,0.0
-0.11278501780020704,-0.34526985258730103,0.144302964607482,0.0,0.9065982294099129,-0.42199484645053553,0.0
-0.11196501638961617,-0.3455872946365279,0.14419199774748198,0.0,0.9067616200060165,-0.42164364632241835,0.0
-0.11089565684954505,-0.34599779337438563,0.144047465087482,0.0,0.9069742297854297,-0.4211861186045029,0.0
-0.10954993002002833,-0.34650881271036493,0.143865863227482,0.0,0.9072410416622462,-0.42061109391408424,0.0
-0.10790264035338329,-0.34712593765909505,0.143643991167482,0.0,0.9075665242484914,-0.41990832816641355,0.0
-0.10593030313151747,-0.34785273071063927,0.143378943107482,0.0,0.9079546317004312,-0.41906847504165035,0.0
-0.10361105524316849,-0.348690596683778,0.143068101247482,0.0,0.9084088043596784,-0.41808305892707426,0.0
-0.10092458263042575,-0.34963865940939803,0.142709128587482,0.0,0.9089319704414939,-0.4169444484692695,0.0
-0.097852067062716,-0.35069365314867673,0.142299961727482,0.0,0.9095265489794973,-0.41564583084814666,0.0
-0.09437615438799268,-0.35184983130199576,0.141838803667482,0.0,0.9101944541960967,-0.4141811868623075,0.0
-0.09048094585178039,-0.3530988946974382,0.141324116607482,0.0,0.9109371014311571,-0.41254526689346666,0.0
-0.08615201347287937,-0.3544299415475537,0.140754614747482,0.0,0.911755414727609,-0.4107335677965531,0.0
-0.08137643982867214,-0.35582944101300484,0.140129257087482,0.0,0.9126498361416818,-0.4087423107418186,0.0
-0.07614288194252403,-0.3572812321935182,0.139447240227482,0.0,0.9136203368170718,-0.406568420015943,0.0
-0.07044165829075037,-0.35876655026139925,0.138707991167482,0.0,0.9146664298364383,-0.40420950277085743,0.0
-0.06426485726769576,-0.36026408134194376,0.137911160107482,0.0,0.915787184840015,-0.40166382969194553,0.0
-0.05760646477600521,-0.36175004761038565,0.137056613247482,0.0,0.9169812443796522,-0.39893031654155403,0.0
-0.050462507957352125,-0.3631983239000689,0.13614442558748202,0.0,0.9182468419571257,-0.39600850651945024,0.0
-0.04283121145975787,-0.3645805868869731,0.13517487372748202,0.0,0.9195818216779122,-0.39289855336910096,0.0
-0.034713162065108626,-0.3658664976200006,0.134148428667482,0.0,0.9209836594357157,-0.38960120514751717,0.0
-0.026111476989193576,-0.3670239177963169,0.13306574860748202,0.0,0.9224494855287098,-0.3861177885669329,0.0
-0.017031970731762207,-0.3680191597321133,0.13192767174748202,0.0,0.9239761085956537,-0.3824501938088577,0.0
-0.007483315011132285,-0.36881726945118454,0.130735209087482,0.0,0.9255600407486265,-0.3786008597050472,0.0
0.0025228139180740548,-0.36938234171087747,0.12948953722748202,0.0,0.9271975237690718,-0.3745727591757061,0.0
0.012971606380096487,-0.36967786511600165,0.12819199116748203,0.0,0.9288845562250625,-0.3703693848127418,0.0
0.023845014622561927,-0.3696670947494082,0.12684405710748203,0.0,0.930616921360157,-0.36599473449510656,0.0
0.03512167802244411,-0.36931344899062224,0.125447365247482,0.0,0.9323902155978859,-0.36145329692413625,0.0
0.046776883468692666,-0.3685809264224629,0.12400368258748203,0.0,0.9341998775007587,-0.35675003696925867,0.0
0.058782565763529804,-0.36743453796456177,0.12251490572748203,0.0,0.9360412170187048,-0.3518903807184022,0.0
0.07110735225521886,-0.36584074864908,0.12098305366748204,0.0,0.9379094448590599,-0.3468802001327982,0.0
0.0837166551353431,-0.3637679227961884,0.11941026060748204,0.0,0.9397997018085686,-0.3417257972125099,0.0
0.09657281391400728,-0.3611867657838469,0.11779876874748205,0.0,0.9417070878374134,-0.3364338875868157,0.0
0.1096352895431307,-0.3580707551660668,0.11615092108748204,0.0,0.9436266908159991,-0.3310115834523722,0.0
0.1228609105128431,-0.3543965536020059,0.11446915422748205,0.0,0.9455536146771288,-0.3254663757917488,0.0
0.13620417002578086,-0.3501443959373621,0.11275599116748204,0.0,0.9474830068593006,-0.3198061158152833,0.0
0.14961757209020793,-0.34529844284738237,0.11101403410748206,0.0,0.9494100848711466,-0.31403899558010645,0.0
0.1630520231004695,-0.3398470937194495,0.10924595724748205,0.0,0.9513301618225009,-0.308173527751451,0.0
0.1764572642299524,-0.333783251928062,0.10745449958748206,0.0,0.9532386707742314,-0.30221852448282593,0.0
0.18978233878642492,-0.32710453633418524,0.10564245772748207,0.0,0.9551311877667602,-0.2961830754031327,0.0
0.20297608761099353,-0.31981343371485976,0.10381267866748206,0.0,0.9570034533961054,-0.29007652471016737,0.0
0.21598766467682737,-0.3119173878803616,0.10196805260748207,0.0,0.9588513928162684,-0.2839084473810211,0.0
0.22876706429574262,-0.3034288224404751,0.10011150574748207,0.0,0.9606711340578022,-0.27768862452051607,0.0
0.2412656507982705,-0.29436509550729056,0.09824599308748208,0.0,0.9624590245643666,-0.2714270178788544,0.0
0.25343668123831464,-0.28474838603240193,0.09637449122748208,0.0,0.9642116458619463,-0.2651337435789655,0.0
0.2652358116018606,-0.2746055129302039,0.09449999116748209,0.0,0.9659258262890682,-0.25881904510252113,0.0
0.27662157717722347,-0.26396768959213335,0.09262549110748206,0.0,0.9675986517307328,-0.2524932655911203,0.0
0.28755583817009456,-0.252870217804125,0.0907539892474821,0.0,0.9692274743137597,-0.24616681952564276,0.0
0.29800418230952863,-0.2413521263970239,0.08888847658748213,0.0,0.9708099190367206,-0.23985016385217636,0.0
0.3079362770719233,-0.22945576114559438,0.08703192972748208,0.0,0.9723438883234907,-0.23355376862717298,0.0
0.3173261652221944,-0.217226333448794,0.08518730366748209,0.0,0.973827564505548,-0.22728808725754368,0.0
0.3261524986012815,-0.20471143614071263,0.08335752460748211,0.0,0.9752594102543852,-0.22106352641326596,0.0
0.3343987064380938,-0.19196053537370023,0.08154548274748212,0.0,0.9766381670016082,-0.21489041569073955,0.0
0.3420530958896145,-0.17902444786642693,0.0797540250874821,0.0,0.9779628514003721,-0.20877897710462565,0.0
0.3491088839707811,-0.16595481291225012,0.07798594822748212,0.0,0.979232749897606,-0.20273929448425262,0.0
0.3555641614814737,-0.15280356839841877,0.07624399116748215,0.0,0.9804474115018614,-0.19678128284798738,0.0
0.3614217909287474,-0.1396224397038329,0.07453082810748213,0.0,0.9816066388464703,-0.19091465782525788,0.0
0.3666892417388261,-0.12646244973992593,0.0728490612474821,0.0,0.9827104776618852,-0.1851489051913331,0.0
0.37137836722077433,-0.11337345760009412,0.0712012135874821,0.0,0.9837592047844714,-0.17949325057456697,0.0
0.3755051287534482,-0.10040373231836412,0.06958972172748203,0.0,0.9847533148415156,-0.17395662938976153,0.0
0.37908927349757604,-0.0875995671421952,0.06801692866748217,0.0,0.9856935057637051,-0.16854765704469718,0.0
0.3821539725712096,-0.07500493853497459,0.06648507660748212,0.0,0.9865806632867022,-0.16327459945983888,0.0
0.38472542706250545,-0.06266121287970519,0.06499629974748214,0.0,0.9874158446125969,-0.15814534393396432,0.0
0.38683244948944306,-0.05060690259502074,0.0635526170874822,0.0,0.988200261409887,-0.1531673703810017,0.0
0.3885060283591134,-0.03887747213506156,0.06215592522748213,0.0,0.9889352623371143,-0.14834772295597556,0.0
0.38977888334326666,-0.027505193159823662,0.06080799116748212,0.0,0.9896223152803095,-0.1436929820806833,0.0
0.39068501829065483,-0.016519047062553093,0.059510445107482185,0.0,0.990262989497895,-0.13920923687274403,0.0
0.39125927886308515,-0.005944672051197596,0.058264773247482124,0.0,0.9908589378685944,-0.134902057975114,0.0
0.39153692103656257,0.0041956488779551805,0.057072310587482133,0.0,0.9914118794381543,-0.1307764707770729,0.0
0.39155319607838324,0.013882963449346825,0.055934233727482185,0.0,0.991923582459215,-0.12683692901232305,0.0
0.3913429569227679,0.02310159403254257,0.05485155366748218,0.0,0.9923958481154441,-0.12308728871507539,0.0
0.3909402901478166,0.031839055312473906,0.053825108607482075,0.0,0.9928304951159942,-0.11953078251115883,0.0
0.39037817702946886,0.040085951274624936,0.052855556747482185,0.0,0.9932293453394305,-0.11616999421798353,0.0
0.38968818643511116,0.04783585715794677,0.05194336908748215,0.0,0.9935942106974224,-0.11300683372507266,0.0
0.3889002016382508,0.05508519196554167,0.051088822227482206,0.0,0.993926881377661,-0.11004251212543678,0.0
0.38804218249993083,0.06183308692514129,0.05029199116748209,0.0,0.9942291156126013,-0.10727751706757946,0.0
0.38713996388156163,0.06808125497173606,0.04955274210748223,0.0,0.994502631105651,-0.1047115882982278,0.0
0.3862170906323389,0.07383386589878298,0.04887072524748226,0.0,0.994749098229311,-0.10234369336687282,0.0
0.38529468903274355,0.07909743130857988,0.048245367587482074,0.0,0.9949701350904026,-0.1001720034649707,0.0
0.3843913741698852,0.08388070290412158,0.047675865727482086,0.0,0.9951673045358774,-0.09819386937480495,0.0
0.3835231923630506,0.08819458702125982,0.04716117866748212,0.0,0.9953421131486851,-0.09640579750570002,0.0
0.382703597437825,0.09205207761905786,0.0467000206074821,0.0,0.9954960122567096,-0.09480342599816272,0.0
0.38194345935104473,0.0954682092452304,0.04629085374748218,0.0,0.9956304009488149,-0.09338150087946778,0.0
0.3812511033811976,0.09846003078937672,0.045931881087482224,0.0,0.9957466310604668,-0.09213385225708602,0.0
0.3806323778031062,0.10104660014609093,0.045621039227481924,0.0,0.9958460140571423,-0.09105337053894122,0.0
0.38009074764488293,0.10324899924880152,0.045355991167482096,0.0,0.9959298297067462,-0.0901319826714779,0.0
0.3796274117627549,0.10509036831844044,0.045134119107482135,0.0,0.9959993363924037,-0.08936062838796269,0.0
0.37924144005009,0.10659595761281207,0.04495251724748209,0.0,0.9960557828742584,-0.08872923645985106,0.0
0.3789299271074552,0.1077931944752146,0.04480798458748217,0.0,0.9961004212631512,-0.08822670094349368,0.0
0.37868815812988926,0.10871176307478064,0.04469701772748211,0.0,0.9961345209202447,-0.08784085741267898,0.0
0.37850978210788017,0.10938369391356449,0.04461580366748211,0.0,0.9961593829447025,-0.08755845916431819,0.0
0.3783869866852866,0.10984345994997978,0.04456021260748219,0.0,0.9961763548563399,-0.08736515338014054,0.0
0.3783106681695516,0.11012807605310374,0.04452579074748217,0.0,0.9961868450216731,-0.08724545722136601,0.0
0.37827058924954643,0.11027719844922289,0.04450775308748209,0.0,0.9961923363099185,-0.08718273382606329,0.0
0.37825551595015966,0.11033322083386804,0.04450097622748214,0.0,0.996194398400132,-0.08715916817064714,0.0
0.3782533242493019,0.11034136387249678,0.04449999116748213,0.0,0.9961946980917455,-0.08715574274765829,0.0
