0.0,0.0,0.0
7.800522682043373e-06,3.453492250615598e-06,5.427744078528429e-11
6.146525387448176e-05,2.721228206374691e-05,3.3700053596735354e-09
0.00020430162107427238,9.044997215492437e-05,3.723197119242092e-08
0.0004768784955997001,0.0002111285363123155,2.0285706774861966e-07
0.0009170813053508719,0.0004060235605314479,7.502293283774049e-07
0.0015601665091324187,0.0006907494818740959,2.1713294995394734e-06
0.00243881538607579,0.0010797848228167822,5.305780997142308e-06
0.003583187009843131,0.0015864974180491852,1.1453563744855116e-05
0.005020970206281938,0.0022231696300227064,2.2490041385180896e-05
0.006777434241185912,0.0030010235490950973,4.097910564992543e-05
0.008875477955567214,0.003930246173921625,7.028076421251976e-05
0.011335677061152261,0.005020014567826511,0.00011464998558494361
0.014176329328798818,0.006278520987247193,0.00017932406718248835
0.017413497446031143,0.007712997978964655,0.0002705962121531663
0.02106104938465173,0.009329743443697988,0.00039587338883601464
0.02513069620241185,0.011134145664699637,0.0005637169066102511
0.029632027300403305,0.013130708301211626,0.0007838644765805517
0.0274649607977228,0.002706508234681025,0.0003918124184021218
0.03284281566849291,0.00031544664613149893,0.0005395242836920043
0.038669529536511205,0.0022762639244702293,0.0007580290166695159
0.04032008428614252,0.004734133292860675,0.0008576787182070774
0.0427109269345152,0.0015982973760849065,0.0009172207498951793
0.04118078791264341,0.0054758654732588894,0.0009078990017679461
0.04408787710921463,0.001873823994678128,0.0009788928887795372
0.043015820743657986,0.005698745567611079,0.0009901319949926829
0.04281562584190688,0.0015804557892081892,0.0009215845901603957
0.042095164282074445,0.0053843837770764765,0.0009439847453705273
0.04353503165093943,0.0010275168807468728,0.0009497610724905883
0.04252040258773728,0.0052530923408746445,0.0009591824033100744
0.04466956213465287,0.0006126857407963148,0.0009984356583081458
0.043356386497670596,0.005241661693763764,0.000994838285504987
0.04209854951648882,0.006508274830173449,0.0009708595172514457
0.04078847230204493,0.007269656123781729,0.0009375460021696026
0.043389035138278936,0.0016942678895415502,0.000947045273851821
0.041980792151206085,0.0026118682810858844,0.0008948371744133582
0.04203437449505735,0.005774449435443292,0.000950133037467624
0.037628392786703276,0.0073885308423257585,0.0008171292445597561
0.04324828299177706,0.004462147025519178,0.0009750285690963461
0.04267997550273083,0.005880490022585643,0.000979950679568302
0.04333883465329746,4.575810908953427e-05,0.0009391314821621703
0.04247122627151341,0.004894452342597201,0.0009498139536169799
0.042506804637716486,0.005770432306851609,0.0009700101830646766
0.04327811828941681,0.00032632972991916573,0.0009367107435234686
0.0422420788225706,0.0048212860512493105,0.0009386863000559444
0.04236502211449336,0.005650034897062763,0.0009612435079022848
0.04311501725969508,0.000544945164168968,0.0009300462871305628
0.04193168813349941,0.00475229437986699,0.0009243019236169349
0.04209862297742439,0.0055463600740674555,0.0009476714061579899
0.042810055223595586,0.0006833462426755595,0.0009172843383349425
0.04153072126498819,0.004684196562172332,0.0009062838795011209
0.041714531790541104,0.005454184697557179,0.0009295474901753372
0.04286120201415878,0.005870203336794933,0.0009874600913871753
0.04386281758203857,0.00044125364157601,0.0009623627926765036
0.042729367508604954,0.00483760123631795,0.0009597042865648291
0.04284182168401188,0.005670580919445597,0.0009820219908613175
0.04355251153800785,0.000496235429593897,0.0009489031298472883
0.042276063403232436,0.0047783813876413825,0.000939298712699169
0.042335851054829496,0.005623669146364549,0.0009594136183027879
0.04301972752279851,0.0003766792864914428,0.000925632252641114
0.04178749343399329,0.004732506336034566,0.0009178906197911514
0.041768103722323105,0.005601866734934975,0.0009350492302380043
0.04250782280255192,0.006110022422184308,0.0009781224799998848
0.04332597558211096,0.00029806665735993107,0.0009387477675365762
0.04258004363705918,0.004910502135165365,0.0009547562174123549
0.042253865442569934,0.005906920367546205,0.0009624781917828575
0.04229836279469096,0.006549607024985289,0.000980370758614998
0.04164627751200798,0.007138274860120771,0.0009691165839979823
0.04391200209445987,0.0017272870281912574,0.0009700990064111994
0.0424245241099651,0.002323571291111473,0.0009107180949260946
0.041993723558805846,0.00525425008639199,0.0009369508241337032
0.03727040855728474,0.006735149605526086,0.0007852665003882016
0.04057609997131214,0.004141381369282105,0.0008575120727591399
0.042128178912203336,0.006195135435209529,0.0009641513809042323
0.04069117974845384,0.008471892298752013,0.0009714328314728272
0.028225852948886045,0.00900538062563545,0.0005605442439008035
0.03547592219543077,0.012603910516145102,0.0009469918545021664
0.03480110193505537,0.0034519352801701936,0.0006293900859687157
0.041587824416627873,0.00025392568947996857,0.0008649025263665191
0.042419673610737924,0.0021386307565466204,0.0009088618411327977
0.04055089938058323,0.0038552795682133753,0.0008519141182045178
0.041418209395746815,0.004473596966611742,0.0008977602411687458
0.04097282279678721,0.00869087794798395,0.0009904497738226629
0.042068649643655816,0.005985436197058214,0.0009565367482700161
0.010048757025300054,0.0016066168780325227,5.5651195572794694e-05
0.011210634995393272,0.00019780884498634842,6.291742517869403e-05
0.01320320820182884,0.0018145687800623634,9.374767493266876e-05
0.015441880596970171,0.003249053397996267,0.00014033855272447838
0.017633289912335925,0.0045075624717752704,0.00019610276424460762
0.01964522612139223,0.0055973301164047,0.00025562782714071337
0.021420872494612372,0.006526549868004226,0.00031461889797717733
0.022939843113818047,0.00730439980048464,0.0003698271883835222
0.024200991560961112,0.007941067676886049,0.0004189657707425633
0.025214449738635895,0.008447776131542729,0.00046061492978185847
0.02599770160569826,0.008836807878487509,0.0004941196076820125
0.026573524868655454,0.009121530940999406,0.0005194819191718493
0.02696884932769,0.009316423897021654,0.0005372521810861491
0.027214089407490975,0.009437101135199426,0.0005484224087409987
0.027342734778892933,0.00950033811660596,0.0005543267789742988
0.027391091294336985,0.009524096637701375,0.0005565541460286511
0.02739812129170984,0.009527550090777973,0.0005568783199646939
