0.015712261199951172
0.010039329528808594
0.010969161987304688
0.023347854614257812
0.010009765625
0.003118753433227539
0.02579665184020996
0.011212587356567383
0.007039308547973633
0.0
0.0
0.015661239624023438
0.011005878448486328
0.010130643844604492
0.004545450210571289
0.01003885269165039
0.015659570693969727
0.0
0.01627373695373535
0.004539966583251953
0.015776395797729492
0.01021432876586914
0.009549856185913086
0.00015783309936523438
0.0061185359954833984
0.006037235260009766
0.010085105895996094
0.0
0.009493112564086914
0.01651287078857422
0.01950979232788086
0.015853404998779297
0.016855716705322266
0.008556365966796875
0.01578807830810547
0.003378152847290039
0.010128259658813477
0.01006460189819336
0.010556697845458984
0.01563882827758789
0.010008096694946289
0.008228302001953125
0.014651775360107422
0.0
0.014091730117797852
0.009485006332397461
0.00848388671875
0.0
0.01451253890991211
0.011059045791625977
0.0
0.016066789627075195
0.0
0.009233713150024414
0.015006065368652344
0.010010480880737305
0.010042190551757812
0.0206298828125
0.0
0.010121345520019531
0.0
0.010002613067626953
0.016110897064208984
0.0
0.005507230758666992
0.01604175567626953
0.016102313995361328
0.015684843063354492
0.014061689376831055
0.0
0.008510589599609375
0.00800323486328125
0.016006946563720703
0.015621423721313477
0.005571603775024414
0.015786409378051758
0.016088247299194336
0.0
0.011061429977416992
0.015624523162841797
0.011339187622070312
0.0
0.0042040348052978516
0.009453296661376953
0.009448766708374023
0.007506370544433594
0.007510185241699219
0.0031256675720214844
0.0
0.015624284744262695
0.016004323959350586
0.010002851486206055
0.010004281997680664
0.0
0.010002374649047852
0.010002613067626953
0.0070116519927978516
0.015740156173706055
0.0
0.0
0.010002374649047852
