-0.11423878108775849,-0.34470135647890643,0.144499991167482,0.0,0.9063077870366499,-0.42261826174069944,0.0
-0.1142315197980759,-0.3447042142096892,0.14449900610748198,0.0,0.906309240207594,-0.42261514539156514,0.0
-0.11418156281596882,-0.3447238701657649,0.144492229247482,0.0,0.906319237212792,-0.42259370589021183,0.0
-0.11404857834565088,-0.3447761517180097,0.14447419158748198,0.0,0.9063458433153233,-0.4225366401923452,0.0
-0.11379473423705201,-0.3448757778145525,0.144439769727482,0.0,0.9063966066450428,-0.4224277351954433,0.0
-0.11338459669770991,-0.3450362726431532,0.144384178667482,0.0,0.9064785614305023,-0.4222518415198293,0.0
-0.11278501780020704,-0.34526985258730103,0.144302964607482,0.0,0.9065982294099129,-0.42199484645053553,0.0
-0.11196501638961617,-0.3455872946365279,0.14419199774748198,0.0,0.9067616200060165,-0.42164364632241835,0.0
-0.11089565684954505,-0.34599779337438563,0.144047465087482,0.0,0.9069742297854297,-0.4211861186045029,0.0
-0.10954993002002833,-0.34650881271036493,0.143865863227482,0.0,0.9072410416622462,-0.42061109391408424,0.0
-0.10790264035338329,-0.34712593765909505,0.143643991167482,0.0,0.9075665242484914,-0.41990832816641355,0.0
-0.10593030313151747,-0.34785273071063927,0.143378943107482,0.0,0.9079546317004312,-0.41906847504165035,0.0
-0.10361105524316849,-0.348690596683778,0.143068101247482,0.0,0.9084088043596784,-0.41808305892707426,0.0
-0.10092458263042575,-0.34963865940939803,0.142709128587482,0.0,0.9089319704414939,-0.4169444484692695,0.0
-0.097852067062716,-0.35069365314867673,0.142299961727482,0.0,0.9095265489794973,-0.41564583084814666,0.0
-0.09437615438799271,-0.35184983130199576,0.141838803667482,0.0,0.9101944541960967,-0.4141811868623075,0.0
-0.09048094585178039,-0.3530988946974382,0.141324116607482,0.0,0.9109371014311571,-0.41254526689346666,0.0
-0.08615201347287936,-0.3544299415475537,0.140754614747482,0.0,0.911755414727609,-0.4107335677965531,0.0
-0.08137643982867214,-0.35582944101300484,0.140129257087482,0.0,0.9126498361416818,-0.4087423107418186,0.0
-0.07614288194252403,-0.3572812321935182,0.139447240227482,0.0,0.9136203368170718,-0.406568420015943,0.0
-0.07044165829075036,-0.35876655026139925,0.138707991167482,0.0,0.9146664298364383,-0.40420950277085743,0.0
-0.06426485726769574,-0.36026408134194376,0.137911160107482,0.0,0.915787184840015,-0.4016638296919454,0.0
-0.057606464776005256,-0.36175004761038565,0.137056613247482,0.0,0.9169812443796521,-0.39893031654155425,0.0
-0.05046250795735217,-0.3631983239000689,0.13614442558748202,0.0,0.9182468419571257,-0.39600850651945024,0.0
-0.0428312114597579,-0.36458058688697303,0.13517487372748202,0.0,0.9195818216779122,-0.39289855336910096,0.0
-0.03471316206510864,-0.36586649762000056,0.134148428667482,0.0,0.9209836594357157,-0.38960120514751717,0.0
-0.026111476989193562,-0.3670239177963169,0.13306574860748202,0.0,0.9224494855287098,-0.3861177885669329,0.0
-0.01703197073176222,-0.3680191597321133,0.13192767174748202,0.0,0.9239761085956537,-0.3824501938088577,0.0
-0.007483315011132299,-0.36881726945118454,0.130735209087482,0.0,0.9255600407486265,-0.3786008597050472,0.0
0.002522813918074013,-0.36938234171087747,0.12948953722748202,0.0,0.9271975237690718,-0.37457275917570615,0.0
0.012971606380096446,-0.36967786511600165,0.12819199116748203,0.0,0.9288845562250625,-0.37036938481274184,0.0
0.023845014622561885,-0.3696670947494082,0.12684405710748203,0.0,0.9306169213601568,-0.36599473449510656,0.0
0.03512167802244408,-0.36931344899062224,0.125447365247482,0.0,0.9323902155978859,-0.3614532969241363,0.0
0.04677688346869264,-0.3685809264224629,0.12400368258748203,0.0,0.9341998775007587,-0.3567500369692587,0.0
0.058782565763529734,-0.3674345379645618,0.12251490572748203,0.0,0.9360412170187048,-0.3518903807184023,0.0
0.07110735225521884,-0.36584074864908,0.12098305366748204,0.0,0.9379094448590599,-0.3468802001327982,0.0
0.08371665513534308,-0.36376792279618836,0.11941026060748204,0.0,0.9397997018085686,-0.34172579721250995,0.0
0.09657281391400724,-0.3611867657838469,0.11779876874748205,0.0,0.9417070878374134,-0.33643388758681575,0.0
0.10963528954313062,-0.35807075516606685,0.11615092108748204,0.0,0.9436266908159991,-0.3310115834523723,0.0
0.12286091051284301,-0.35439655360200595,0.11446915422748205,0.0,0.9455536146771287,-0.325466375791749,0.0
0.13620417002578078,-0.3501443959373621,0.11275599116748204,0.0,0.9474830068593006,-0.3198061158152834,0.0
0.14961757209020787,-0.3452984428473824,0.11101403410748206,0.0,0.9494100848711466,-0.31403899558010656,0.0
0.16305202310046948,-0.3398470937194495,0.10924595724748205,0.0,0.9513301618225009,-0.30817352775145107,0.0
0.17645726422995237,-0.3337832519280621,0.10745449958748206,0.0,0.9532386707742314,-0.30221852448282605,0.0
0.18978233878642473,-0.32710453633418535,0.10564245772748207,0.0,0.9551311877667602,-0.296183075403133,0.0
0.20297608761099345,-0.31981343371485976,0.10381267866748206,0.0,0.9570034533961054,-0.29007652471016754,0.0
0.21598766467682737,-0.3119173878803616,0.10196805260748207,0.0,0.9588513928162684,-0.2839084473810211,0.0
0.22876706429574253,-0.30342882244047514,0.10011150574748207,0.0,0.9606711340578021,-0.2776886245205163,0.0
0.2412656507982704,-0.2943650955072906,0.09824599308748208,0.0,0.9624590245643666,-0.27142701787885454,0.0
0.25343668123831464,-0.28474838603240193,0.09637449122748208,0.0,0.9642116458619463,-0.2651337435789655,0.0
0.2652358116018605,-0.27460551293020397,0.09449999116748209,0.0,0.9659258262890681,-0.2588190451025214,0.0
0.27662157717722335,-0.2639676895921335,0.09262549110748206,0.0,0.9675986517307327,-0.25249326559112073,0.0
0.28755583817009445,-0.25287021780412516,0.0907539892474821,0.0,0.9692274743137596,-0.24616681952564298,0.0
0.2980041823095284,-0.24135212639702405,0.08888847658748213,0.0,0.9708099190367205,-0.23985016385217678,0.0
0.3079362770719231,-0.22945576114559457,0.08703192972748208,0.0,0.9723438883234906,-0.23355376862717322,0.0
0.31732616522219437,-0.21722633344879408,0.08518730366748209,0.0,0.9738275645055479,-0.227288087257544,0.0
0.3261524986012815,-0.20471143614071263,0.08335752460748211,0.0,0.9752594102543852,-0.22106352641326607,0.0
0.3343987064380935,-0.1919605353737006,0.08154548274748212,0.0,0.9766381670016081,-0.21489041569074008,0.0
0.3420530958896143,-0.17902444786642724,0.0797540250874821,0.0,0.9779628514003719,-0.20877897710462642,0.0
0.3491088839707809,-0.16595481291225045,0.07798594822748212,0.0,0.979232749897606,-0.2027392944842531,0.0
0.3555641614814735,-0.15280356839841905,0.07624399116748215,0.0,0.9804474115018614,-0.19678128284798768,0.0
0.3614217909287474,-0.13962243970383292,0.07453082810748213,0.0,0.9816066388464703,-0.19091465782525796,0.0
0.366689241738826,-0.12646244973992626,0.0728490612474821,0.0,0.9827104776618852,-0.18514890519133342,0.0
0.3713783672207742,-0.11337345760009417,0.0712012135874821,0.0,0.9837592047844714,-0.17949325057456697,0.0
0.3755051287534481,-0.10040373231836451,0.06958972172748203,0.0,0.9847533148415155,-0.1739566293897622,0.0
0.379089273497576,-0.08759956714219524,0.06801692866748217,0.0,0.9856935057637051,-0.16854765704469718,0.0
0.38215397257120953,-0.07500493853497466,0.06648507660748212,0.0,0.9865806632867021,-0.1632745994598391,0.0
0.38472542706250534,-0.06266121287970558,0.06499629974748214,0.0,0.9874158446125968,-0.15814534393396487,0.0
0.38683244948944306,-0.05060690259502111,0.0635526170874822,0.0,0.9882002614098869,-0.15316737038100225,0.0
0.38850602835911335,-0.03887747213506196,0.06215592522748213,0.0,0.9889352623371143,-0.148347722955976,0.0
0.3897788833432666,-0.02750519315982369,0.06080799116748212,0.0,0.9896223152803096,-0.14369298208068298,0.0
0.3906850182906547,-0.016519047062553884,0.059510445107482185,0.0,0.9902629894978949,-0.1392092368727448,0.0
0.3912592788630851,-0.005944672051197756,0.058264773247482124,0.0,0.9908589378685944,-0.13490205797511431,0.0
0.3915369210365625,0.0041956488779543895,0.057072310587482133,0.0,0.9914118794381541,-0.13077647077707466,0.0
0.39155319607838324,0.013882963449346596,0.055934233727482185,0.0,0.9919235824592149,-0.12683692901232316,0.0
0.3913429569227679,0.023101594032542538,0.05485155366748218,0.0,0.9923958481154441,-0.12308728871507528,0.0
0.3909402901478166,0.031839055312473705,0.053825108607482075,0.0,0.9928304951159941,-0.11953078251115938,0.0
0.3903781770294689,0.04008595127462471,0.052855556747482185,0.0,0.9932293453394305,-0.11616999421798387,0.0
0.38968818643511116,0.04783585715794592,0.05194336908748215,0.0,0.9935942106974222,-0.1130068337250741,0.0
0.3889002016382509,0.05508519196554076,0.051088822227482206,0.0,0.9939268813776609,-0.110042512125438,0.0
0.38804218249993094,0.061833086925140356,0.05029199116748209,0.0,0.9942291156126011,-0.10727751706758092,0.0
0.38713996388156163,0.0680812549717359,0.04955274210748223,0.0,0.994502631105651,-0.1047115882982279,0.0
0.386217090632339,0.07383386589878237,0.04887072524748226,0.0,0.9947490982293109,-0.10234369336687392,0.0
0.38529468903274355,0.07909743130857964,0.048245367587482074,0.0,0.9949701350904024,-0.10017200346497125,0.0
0.38439137416988534,0.08388070290412071,0.047675865727482086,0.0,0.9951673045358773,-0.09819386937480584,0.0
0.38352319236305066,0.08819458702125954,0.04716117866748212,0.0,0.995342113148685,-0.09640579750570091,0.0
0.3827035974378253,0.09205207761905657,0.0467000206074821,0.0,0.9954960122567094,-0.0948034259981647,0.0
0.3819434593510448,0.09546820924522978,0.04629085374748218,0.0,0.9956304009488148,-0.09338150087946824,0.0
0.38125110338119805,0.0984600307893749,0.045931881087482224,0.0,0.9957466310604667,-0.09213385225708737,0.0
0.3806323778031067,0.1010466001460889,0.045621039227481924,0.0,0.9958460140571422,-0.09105337053894343,0.0
0.38009074764488326,0.10324899924880031,0.045355991167482096,0.0,0.995929829706746,-0.09013198267147969,0.0
0.3796274117627555,0.10509036831843843,0.045134119107482135,0.0,0.9959993363924033,-0.08936062838796577,0.0
0.37924144005008986,0.10659595761281221,0.04495251724748209,0.0,0.9960557828742584,-0.08872923645985106,0.0
0.3789299271074556,0.10779319447521327,0.04480798458748217,0.0,0.996100421263151,-0.08822670094349545,0.0
0.37868815812988954,0.10871176307477952,0.04469701772748211,0.0,0.9961345209202446,-0.08784085741268055,0.0
0.3785097821078803,0.10938369391356395,0.04461580366748211,0.0,0.9961593829447024,-0.08755845916431952,0.0
0.3783869866852867,0.10984345994997924,0.04456021260748219,0.0,0.9961763548563399,-0.08736515338014098,0.0
0.37831066816955194,0.11012807605310253,0.04452579074748217,0.0,0.996186845021673,-0.08724545722136734,0.0
0.3782705892495464,0.11027719844922296,0.04450775308748209,0.0,0.9961923363099187,-0.08718273382606219,0.0
0.37825551595015994,0.11033322083386696,0.04450097622748214,0.0,0.9961943984001317,-0.08715916817065024,0.0
0.37825332424930225,0.1103413638724956,0.04449999116748213,0.0,0.9961946980917453,-0.08715574274766007,0.0
