0.0
0.00029277801513671875
0.010993003845214844
0.016592025756835938
0.013089895248413086
0.015655040740966797
0.015710115432739258
0.015773773193359375
0.01710653305053711
0.015669584274291992
0.016072750091552734
0.016074419021606445
0.01607513427734375
0.01007533073425293
0.01616644859313965
0.025847911834716797
0.017886638641357422
0.008524417877197266
0.025828123092651367
0.01607203483581543
0.01593923568725586
0.0077092647552490234
0.025393247604370117
0.01893138885498047
0.010178089141845703
0.020479202270507812
0.017529964447021484
0.025839805603027344
0.016238927841186523
0.017543554306030273
0.01500248908996582
0.0002827644348144531
0.008203744888305664
0.0035810470581054688
0.019718408584594727
0.0
0.025373220443725586
0.016712427139282227
0.02112889289855957
0.016660451889038086
0.0040760040283203125
0.020086288452148438
0.0166623592376709
0.02530074119567871
0.01662302017211914
0.010480403900146484
0.016663312911987305
0.0048944950103759766
0.019626855850219727
0.0011076927185058594
0.021785736083984375
0.015700817108154297
0.019047975540161133
0.011670351028442383
0.020531415939331055
0.01612687110900879
0.015708208084106445
0.016004562377929688
0.02121138572692871
0.012086868286132812
0.01600503921508789
0.012016534805297852
0.025730133056640625
0.0157470703125
0.01600480079650879
0.007034778594970703
0.00858616828918457
0.01600480079650879
0.016564607620239258
0.01576519012451172
0.015586137771606445
0.01600480079650879
0.015715837478637695
0.0160062313079834
0.015703678131103516
0.01600956916809082
0.015681028366088867
0.017714262008666992
0.010010004043579102
0.015558481216430664
0.0055119991302490234
0.015578985214233398
0.02005767822265625
0.020128250122070312
0.015556812286376953
0.016010522842407227
0.0055065155029296875
0.025716781616210938
0.012002706527709961
0.009557962417602539
0.016017675399780273
0.016054630279541016
0.030802249908447266
0.015681982040405273
0.006003379821777344
0.025768280029296875
0.0160064697265625
0.0157315731048584
0.011506319046020508
0.0
0.010009527206420898
