-0.11423878108775849,-0.34470135647890643,0.144499991167482,0.0,0.9063077870366499,-0.42261826174069944,0.0
-0.11423878108775849,-0.34470135647890643,0.144499991167482,0.0,0.9063077870366499,-0.42261826174069944,0.0
-0.11423878108775849,-0.34470135647890643,0.144499991167482,0.0,0.9063077870366499,-0.42261826174069944,0.0
-0.11423878108775849,-0.34470135647890643,0.144499991167482,0.0,0.9063077870366499,-0.42261826174069944,0.0
-0.11423878108775849,-0.34470135647890643,0.144499991167482,0.0,0.9063077870366499,-0.42261826174069944,0.0
-0.11423878108775849,-0.34470135647890643,0.144499991167482,0.0,0.9063077870366499,-0.42261826174069944,0.0
-0.11423878108775849,-0.34470135647890643,0.144499991167482,0.0,0.9063077870366499,-0.42261826174069944,0.0
-0.11423878108775849,-0.34470135647890643,0.144499991167482,0.0,0.9063077870366499,-0.42261826174069944,0.0
-0.11423878108775849,-0.34470135647890643,0.144499991167482,0.0,0.9063077870366499,-0.42261826174069944,0.0
-0.11423878108775849,-0.34470135647890643,0.144499991167482,0.0,0.9063077870366499,-0.42261826174069944,0.0
-0.11423878108775849,-0.34470135647890643,0.144499991167482,0.0,0.9063077870366499,-0.42261826174069944,0.0
-0.11423878108775849,-0.34470135647890643,0.144499991167482,0.0,0.9063077870366499,-0.42261826174069944,0.0
-0.11423878108775849,-0.34470135647890643,0.144499991167482,0.0,0.9063077870366499,-0.42261826174069944,0.0
-0.11423878108775849,-0.34470135647890643,0.144499991167482,0.0,0.9063077870366499,-0.42261826174069944,0.0
-0.11423878108775849,-0.34470135647890643,0.144499991167482,0.0,0.9063077870366499,-0.42261826174069944,0.0
-0.11423878108775849,-0.34470135647890643,0.144499991167482,0.0,0.9063077870366499,-0.42261826174069944,0.0
-0.11423878108775849,-0.34470135647890643,0.144499991167482,0.0,0.9063077870366499,-0.42261826174069944,0.0
-0.11423878108775849,-0.34470135647890643,0.144499991167482,0.0,0.9063077870366499,-0.42261826174069944,0.0
-0.1073170309816296,-0.34588148667570534,0.14306486140035457,0.0,0.9137797658540374,-0.40620996973946927,0.0
-0.1073170309816296,-0.34588148667570534,0.14306486140035457,0.0,0.9137797658540374,-0.40620996973946927,0.0
-0.1073170309816296,-0.34588148667570534,0.14306486140035457,0.0,0.9137797658540374,-0.40620996973946927,0.0
-0.10291220503483267,-0.3466639665235026,0.14118023392756376,0.0,0.9177182647304779,-0.39723190528969415,0.0
-0.0989481928653441,-0.34791296784523484,0.13718424758847336,0.0,0.9176626790278759,-0.39736029937498996,0.0
-0.09053366937821572,-0.3499125016794443,0.13608733550120786,0.0,0.9204512417694708,-0.390857405616216,0.0
-0.08603461423143341,-0.3511551273385885,0.13513091816374986,0.0,0.9203719079555287,-0.39104418042760813,0.0
-0.07713028302061516,-0.3529193459586294,0.1340888148119277,0.0,0.9232494423649119,-0.3842010764858412,0.0
-0.068685489373959,-0.3548553507836595,0.13306701829355716,0.0,0.9231254657306778,-0.3844988615321498,0.0
-0.05919349402269862,-0.3562512078914416,0.13177639692078824,0.0,0.9260941375223986,-0.37729252370891825,0.0
-0.05143906230531748,-0.35762096262747145,0.130751497152013,0.0,0.9260276236886589,-0.37745574596969067,0.0
-0.040766179212644214,-0.35865456888268976,0.1291930022831008,0.0,0.9292367782097878,-0.36948478997422024,0.0
-0.03284712462016117,-0.3596278153448484,0.12820989897596727,0.0,0.9292030090017415,-0.36956970663476957,0.0
-0.021045653316936995,-0.360142149880672,0.12640784368491015,0.0,0.9326195019531561,-0.36086128162584447,0.0
-0.008917477236356641,-0.3604868453909437,0.1254535268910726,0.0,0.9348258491096352,-0.35510650773598856,0.0
0.0036333468845248878,-0.36044828673231877,0.12400808467637163,0.0,0.9368776863388926,-0.3496572619584549,0.0
0.012640698707873427,-0.3604397596929939,0.12251500912177216,0.0,0.9367531678922121,-0.3499907176539187,0.0
0.02599895280509467,-0.35990885830171776,0.1212498520337325,0.0,0.9371251453042408,-0.34899349856194395,0.0
0.03826363724836588,-0.35889412611325044,0.1167078446985593,0.0,0.9379431838992177,-0.3467889614405254,0.0
0.05513298997504413,-0.35675435808776534,0.12042817065850143,0.0,0.939335040748319,-0.3430009930340638,0.0
0.06200479940305838,-0.3546192902221529,0.11899413609840026,0.0,0.9452351525170112,-0.32639011389155564,0.0
0.07525358722236702,-0.3518235817232782,0.11446925193733541,0.0,0.9475971951094929,-0.31946761310126814,0.0
0.08765684160693059,-0.3491763402493836,0.11275735718123611,0.0,0.9476227080556608,-0.31939192722618365,0.0
0.10142564377162414,-0.3449648355126117,0.10998597575662529,0.0,0.9510932270164824,-0.30890398754851656,0.0
0.11440389939811038,-0.34066484822621884,0.10924645565952881,0.0,0.9532547891954666,-0.3021676800650702,0.0
0.12687902831371248,-0.3364610971638425,0.10745489004331868,0.0,0.9533103258663886,-0.3019924214223261,0.0
0.14070966521512848,-0.3304078115486464,0.1044409339784508,0.0,0.9567202426516751,-0.2910092392013008,0.0
0.15342825684374053,-0.32446045303599624,0.1038146526342396,0.0,0.958803113256371,-0.2840714522965844,0.0
0.16569375967687752,-0.3186257510062209,0.10196809924153986,0.0,0.9588803541582628,-0.28381061715398276,0.0
0.17911244271663304,-0.3107208557385134,0.0987756482420209,0.0,0.9621641353096999,-0.272470506153854,0.0
0.19119788248894945,-0.3031719361312276,0.09824928424503176,0.0,0.9641366230749001,-0.26540642804146236,0.0
0.20285720614490999,-0.29576689114965915,0.09637449175336679,0.0,0.9642245599336725,-0.26508677451113183,0.0
0.21538377961630198,-0.28615231857822443,0.09308083087020991,0.0,0.967320712615568,-0.25355598779147354,0.0
0.2264768449812414,-0.2771626047732139,0.09262941996097857,0.0,0.9691561692955597,-0.24644739705737703,0.0
0.23647486740938378,-0.2683868106588798,0.0907540340328743,0.0,0.9708520932824112,-0.23967939621327544,0.0
0.2465401114263018,-0.25947135969999613,0.08888863258565552,0.0,0.9709069015739281,-0.23945727902094482,0.0
0.25716229948559954,-0.24822604377032936,0.0857346536223724,0.0,0.973662027349827,-0.22799617649650372,0.0
0.26657388427331374,-0.23773761303891786,0.08518937127459898,0.0,0.975300441906874,-0.22088243030231325,0.0
0.2754912573106566,-0.22767846769942732,0.08335760301161091,0.0,0.9753552224109403,-0.22064040907255664,0.0
0.2845532157885851,-0.2154168568354266,0.08027785897047689,0.0,0.9778547083024032,-0.20928490019784549,0.0
0.29242859311489977,-0.20418858901494452,0.07975540125327202,0.0,0.979321213741011,-0.20231154271774285,0.0
0.29983101408795804,-0.1935336627612172,0.07798617419646607,0.0,0.9793613111838122,-0.20211734748982893,0.0
0.30709449574725567,-0.18082346389861345,0.07508292920942994,0.0,0.9815666619380664,-0.19112008835222372,0.0
0.31336520855764205,-0.16923687037143204,0.07453135154205251,0.0,0.982857495481026,-0.18436687223241882,0.0
0.31877267319887703,-0.15832515019655052,0.07285371751760986,0.0,0.9840180569030093,-0.1780687049675659,0.0
0.3240603708872951,-0.1476804498273052,0.07120401583660774,0.0,0.9840118549428392,-0.17810297395594718,0.0
0.3288517344770663,-0.13547503248569712,0.06876915894160168,0.0,0.9857877239374974,-0.1679957241543022,0.0
0.33315794555955336,-0.1238613310207781,0.0680175600126275,0.0,0.9868605490057728,-0.16157430741310544,0.0
0.33685946993594373,-0.11276081432243151,0.06649545854749951,0.0,0.9878142744725993,-0.15563726786400534,0.0
0.3403155301686805,-0.1011989575657095,0.06500233740280303,0.0,0.9887015691739846,-0.14989732190036195,0.0
0.3428858022605805,-0.09275660722993573,0.06355262067852378,0.0,0.9886490987740296,-0.1502430014786018,0.0
0.3460178623552078,-0.08091349088643701,0.06233320462538414,0.0,0.9887758148281992,-0.14940678703067906,0.0
0.3483818342108426,-0.07032179407127406,0.05878412769729317,0.0,0.9890424065231616,-0.1476316974733858,0.0
0.35103018616443576,-0.055820923342737715,0.06112856266843551,0.0,0.9894907026951107,-0.14459650507510907,0.0
0.3510345115283998,-0.04964256961372566,0.06016456747111544,0.0,0.991579842453293,-0.12949678003835746,0.0
0.35171174992366194,-0.042175684860419914,0.05722122534173801,0.0,0.9923678993117239,-0.12331241792956699,0.0
0.35251866300940987,-0.03207456273811898,0.055944793749651237,0.0,0.9931211728918983,-0.11709114378901726,0.0
0.3551095477286186,-0.009732317116215935,0.04628008263693269,0.0,0.9914262817363285,-0.13066724104563537,0.0
0.3551095477286186,-0.009732317116215935,0.04628008263693269,0.0,0.9914262817363285,-0.13066724104563537,0.0
0.354058740103115,-0.0023116591523375868,0.04845635468188726,0.0,0.9937806384940198,-0.11135547833141603,0.0
0.354058740103115,-0.0023116591523375868,0.04845635468188726,0.0,0.9937806384940198,-0.11135547833141603,0.0
0.35409818565219675,0.003260146287343551,0.05192162249652514,0.0,0.993847646514945,-0.11075583739336313,0.0
0.35398667552966345,0.011277582785560132,0.04885263670347767,0.0,0.9939663470330689,-0.10968546378502939,0.0
0.35315003911417675,0.015914699252397226,0.04909825315207782,0.0,0.9951048843013272,-0.09882443644990983,0.0
0.3524973247355935,0.021499377069727786,0.0488310860687317,0.0,0.9957362194021093,-0.09224630816891534,0.0
0.35234613818706506,0.02518094174660509,0.04828801842347136,0.0,0.9956887625424364,-0.0927571460681686,0.0
0.34727500865089506,0.0691688681353195,0.03872074252520312,0.0,0.9954649687508137,-0.09512883889726315,0.0
0.34727500865089506,0.0691688681353195,0.03872074252520312,0.0,0.9954649687508137,-0.09512883889726315,0.0
0.34727500865089506,0.0691688681353195,0.03872074252520312,0.0,0.9954649687508137,-0.09512883889726315,0.0
0.34727500865089506,0.0691688681353195,0.03872074252520312,0.0,0.9954649687508137,-0.09512883889726315,0.0
0.34727500865089506,0.0691688681353195,0.03872074252520312,0.0,0.9954649687508137,-0.09512883889726315,0.0
0.34727500865089506,0.0691688681353195,0.03872074252520312,0.0,0.9954649687508137,-0.09512883889726315,0.0
0.34727500865089506,0.0691688681353195,0.03872074252520312,0.0,0.9954649687508137,-0.09512883889726315,0.0
0.34727500865089506,0.0691688681353195,0.03872074252520312,0.0,0.9954649687508137,-0.09512883889726315,0.0
0.34727500865089506,0.0691688681353195,0.03872074252520312,0.0,0.9954649687508137,-0.09512883889726315,0.0
0.34727500865089506,0.0691688681353195,0.03872074252520312,0.0,0.9954649687508137,-0.09512883889726315,0.0
0.34727500865089506,0.0691688681353195,0.03872074252520312,0.0,0.9954649687508137,-0.09512883889726315,0.0
0.34727500865089506,0.0691688681353195,0.03872074252520312,0.0,0.9954649687508137,-0.09512883889726315,0.0
0.34727500865089506,0.0691688681353195,0.03872074252520312,0.0,0.9954649687508137,-0.09512883889726315,0.0
0.34727500865089506,0.0691688681353195,0.03872074252520312,0.0,0.9954649687508137,-0.09512883889726315,0.0
0.34727500865089506,0.0691688681353195,0.03872074252520312,0.0,0.9954649687508137,-0.09512883889726315,0.0
0.34727500865089506,0.0691688681353195,0.03872074252520312,0.0,0.9954649687508137,-0.09512883889726315,0.0
0.34727500865089506,0.0691688681353195,0.03872074252520312,0.0,0.9954649687508137,-0.09512883889726315,0.0
