-0.6981317007977318,0.8726646259971648,0.0,-0.5235987755982988
-0.6981317007977318,0.8726646259971648,0.0,-0.5235987755982988
-0.6981317007977318,0.8726646259971648,0.0,-0.5235987755982988
-0.6981317007977318,0.8726646259971648,0.0,-0.5235987755982988
-0.6981317007977318,0.8726646259971648,0.0,-0.5235987755982988
-0.6981317007977318,0.8726646259971648,0.0,-0.5235987755982988
-0.6981317007977318,0.8726646259971648,0.0,-0.5235987755982988
-0.6981317007977318,0.8726646259971648,0.0,-0.5235987755982988
-0.6981317007977318,0.8726646259971648,0.0,-0.5235987755982988
-0.6981317007977318,0.8726646259971648,0.0,-0.5235987755982988
-0.6981317007977318,0.8726646259971648,0.0,-0.5235987755982988
-0.6981317007977318,0.8726646259971648,0.0,-0.5235987755982988
-0.6981317007977318,0.8726646259971648,0.0,-0.5235987755982988
-0.6981317007977318,0.8726646259971648,0.0,-0.5235987755982988
-0.6981317007977318,0.8726646259971648,0.0,-0.5235987755982988
-0.6981317007977318,0.8726646259971648,0.0,-0.5235987755982988
-0.6981317007977318,0.8726646259971648,0.0,-0.5235987755982988
-0.6981317007977318,0.8726646259971648,0.0,-0.5235987755982988
-0.6840571385027869,0.8844315889000277,0.0014358332129548186,-0.5335619225977305
-0.6840571385027869,0.8844315889000277,0.0014358332129548186,-0.5335619225977305
-0.6840571385027869,0.8844315889000277,0.0014358332129548186,-0.5335619225977305
-0.6744373498921209,0.8906876560789605,0.003327798643617042,-0.5372022114345745
-0.6621198583350377,0.889545194292213,0.007398994337142881,-0.525701664071621
-0.639650918383176,0.8927939387833681,0.008397864328158441,-0.5140997256019767
-0.6255365132443585,0.891476207793123,0.009409377205298018,-0.5008529138938409
-0.5908751343928527,0.8930735843355255,0.010943695232528253,-0.47681374146506833
-0.579967490224337,0.8921443059343209,0.011368097980650898,-0.46672457693388647
-0.5230334366278514,0.8835257772614746,0.016639921987310683,-0.4071604754488129
-0.5107166378042565,0.893257526343391,0.015790178909004568,-0.41484229691331886
-0.5018861192481948,0.8982473049114202,0.015476204743535043,-0.41681741317090865
-0.470269866806488,0.9000571357472938,0.01629892860928413,-0.39534132412953205
-0.44515297083989946,0.897536773870619,0.017654606772007187,-0.3712259793051063
-0.4106450354451796,0.8954742459939534,0.018938298148950598,-0.340528525875245
-0.30815251487902784,0.9018931933069048,0.02952219479455498,-0.27153550373972063
-0.30815251487902784,0.9018931933069048,0.02952219479455498,-0.27153550373972063
-0.30815251487902784,0.9018931933069048,0.02952219479455498,-0.27153550373972063
-0.2617176035045897,0.896602798624522,0.013523294884271547,-0.225501500046064
-0.2491755867577814,0.9061473080195244,0.01760398409408023,-0.23263080323361407
-0.21465551883970574,0.9096961412316559,0.028340303150674047,-0.21162627548960933
-0.18030921092835006,0.9111615981144386,0.030063377580366753,-0.1869767456187688
-0.14366057253110054,0.9125897511124477,0.031806939928589545,-0.16037511929856602
-0.10491176038024061,0.9139446103446728,0.033575224187174076,-0.13192063533741116
-0.0638945659669802,0.9151738483843134,0.035368500895608924,-0.10138822249383363
-0.02866678206962068,0.9105350257020375,0.037261707419129105,-0.06491098900866751
0.012719096606089945,0.9167700300928869,0.04008001578875755,-0.04290797279309226
0.05102467894337605,0.9148202728366832,0.04058299934838322,-0.008677141004232988
0.10286504265154416,0.9259424106337453,0.046136493242996034,0.0130499232387482
0.18003270989716258,0.9128752756786018,0.03057045117194196,0.0986913570352086
0.19370412507602688,0.9238029613498085,0.0360341349251008,0.090027958109962
0.20568242979338927,0.9245026118691009,0.046835956709619625,0.09843038101537577
0.3038770586939414,0.9284524755054351,0.06652045137276515,0.17095824182559094
0.3038770586939414,0.9284524755054351,0.06652045137276515,0.17095824182559094
0.32779354656605847,0.9295509734672525,0.04489292927310643,0.18837699672882863
0.3799680763422056,0.9346946507143765,0.049077905742581154,0.22156021562481787
0.40743155635412553,0.9380218068419365,0.059649520673587,0.23790074836545858
0.45035901500220066,0.9393754968573197,0.05928684207967574,0.2704829812373989
0.48585920248415393,0.9421619491628571,0.06114580823248016,0.29444814458403346
0.5247920233326239,0.9437505531831034,0.06306283644238957,0.3234400494008404
0.5677499737303283,0.945141655411687,0.06487893423033719,0.3561346478540762
0.6022621647931747,0.9478923610311535,0.06651707859920698,0.379476064667037
0.6347792199283904,0.9505214022554193,0.06824884820726243,0.40143370926923483
0.6737917258730909,0.947031991186718,0.06996238802908619,0.4399059454692323
0.755358564366187,0.9552308145515989,0.0787526410532898,0.4922989935423595
0.755358564366187,0.9552308145515989,0.0787526410532898,0.4922989935423595
0.7765352482458701,0.9578791969781081,0.07484585337575492,0.5049757330153063
0.8090980674061287,0.9597266465283153,0.07650000821898945,0.5285611646169697
0.8452511972610687,0.9566015476726646,0.07801426551030305,0.5642297484231312
0.9819677325105372,0.9566058827380857,0.09266711084879609,0.6775619160497437
0.9819677325105372,0.9566058827380857,0.09266711084879609,0.6775619160497437
0.9819677325105372,0.9566058827380857,0.09266711084879609,0.6775619160497437
0.9819677325105372,0.9566058827380857,0.09266711084879609,0.6775619160497437
0.9950419588092189,0.966959038516976,0.09037155184960602,0.6695319188995156
1.021390386067991,0.9636072947802569,0.08146449506288468,0.6976288487329447
1.0712193909186893,0.9736064513575672,0.10032747612157578,0.720941926440746
1.0712193909186893,0.9736064513575672,0.10032747612157578,0.720941926440746
1.0931825058203906,0.9761781857247895,0.08981537735020106,0.7346034551270136
1.1637050662280808,0.9792704588400692,0.09597434606337225,0.7879079101477351
1.1637050662280808,0.9792704588400692,0.09597434606337225,0.7879079101477351
1.1637050662280808,0.9792704588400692,0.09597434606337225,0.7879079101477351
1.204717348962184,0.9699768085061234,0.08091328497307014,0.8393945928002859
1.204717348962184,0.9699768085061234,0.08091328497307014,0.8393945928002859
1.21626284568846,0.9789527172714652,0.08529445048410249,0.8326313013017025
1.21626284568846,0.9789527172714652,0.08529445048410249,0.8326313013017025
1.2277223912473954,0.9794999361676546,0.09502047216181889,0.841266486832312
1.2422470363595108,0.9789186702428355,0.09717169580850903,0.854556430151173
1.2511997367782086,0.9844606039691584,0.09723525040973456,0.8519134587771692
1.314396442513866,0.9878959384318817,0.10102211446026357,0.8987729654359311
1.314396442513866,0.9878959384318817,0.10102211446026357,0.8987729654359311
1.314396442513866,0.9878959384318817,0.10102211446026357,0.8987729654359311
1.314396442513866,0.9878959384318817,0.10102211446026357,0.8987729654359311
1.314396442513866,0.9878959384318817,0.10102211446026357,0.8987729654359311
1.314396442513866,0.9878959384318817,0.10102211446026357,0.8987729654359311
1.314396442513866,0.9878959384318817,0.10102211446026357,0.8987729654359311
1.314396442513866,0.9878959384318817,0.10102211446026357,0.8987729654359311
1.314396442513866,0.9878959384318817,0.10102211446026357,0.8987729654359311
1.314396442513866,0.9878959384318817,0.10102211446026357,0.8987729654359311
1.314396442513866,0.9878959384318817,0.10102211446026357,0.8987729654359311
1.314396442513866,0.9878959384318817,0.10102211446026357,0.8987729654359311
1.314396442513866,0.9878959384318817,0.10102211446026357,0.8987729654359311
1.314396442513866,0.9878959384318817,0.10102211446026357,0.8987729654359311
1.314396442513866,0.9878959384318817,0.10102211446026357,0.8987729654359311
