-0.11423878108775849,-0.34470135647890643,0.144499991167482,0.0,0.9063077870366499,-0.42261826174069944,0.0
-0.1142315197980759,-0.3447042142096892,0.14449900610748198,0.0,0.9063092402133339,-0.42261514537925565,0.0
-0.11418156281596883,-0.3447238701657648,0.144492229247482,0.0,0.9063192372129499,-0.42259370588987316,0.0
-0.11404857834565087,-0.3447761517180097,0.14447419158748198,0.0,0.9063458433148646,-0.42253664019332926,0.0
-0.113794734237052,-0.34487577781455253,0.144439769727482,0.0,0.9063966066447537,-0.4224277351960636,0.0
-0.11338459669770992,-0.3450362726431532,0.144384178667482,0.0,0.9064785614305755,-0.42225184151967227,0.0
-0.11278501780020703,-0.34526985258730103,0.144302964607482,0.0,0.9065982294099728,-0.42199484645040664,0.0
-0.11196501638961615,-0.3455872946365279,0.14419199774748198,0.0,0.9067616200060845,-0.421643646322272,0.0
-0.11089565684954507,-0.34599779337438563,0.144047465087482,0.0,0.9069742297854237,-0.4211861186045159,0.0
-0.10954993002002837,-0.34650881271036493,0.143865863227482,0.0,0.9072410416622203,-0.42061109391413987,0.0
-0.10790264035338329,-0.34712593765909505,0.143643991167482,0.0,0.9075665242484836,-0.4199083281664305,0.0
-0.10593030313151744,-0.34785273071063927,0.143378943107482,0.0,0.907954631700431,-0.41906847504165073,0.0
-0.10361105524316852,-0.348690596683778,0.143068101247482,0.0,0.9084088043596854,-0.41808305892705916,0.0
-0.10092458263042574,-0.34963865940939803,0.142709128587482,0.0,0.9089319704414847,-0.41694444846928963,0.0
-0.09785206706271597,-0.35069365314867673,0.142299961727482,0.0,0.9095265489795002,-0.41564583084814016,0.0
-0.0943761543879927,-0.35184983130199576,0.141838803667482,0.0,0.9101944541960864,-0.41418118686233013,0.0
-0.09048094585178038,-0.35309889469743805,0.141324116607482,0.0,0.9109371014311537,-0.4125452668934744,0.0
-0.0861520134728793,-0.3544299415475535,0.140754614747482,0.0,0.911755414727595,-0.41073356779658415,0.0
-0.08137643982867201,-0.3558294410130044,0.140129257087482,0.0,0.9126498361416706,-0.40874231074184364,0.0
-0.07614288194252389,-0.3572812321935174,0.139447240227482,0.0,0.9136203368170552,-0.40656842001598037,0.0
-0.07044165829075036,-0.35876655026139925,0.138707991167482,0.0,0.9146664298364315,-0.4042095027708729,0.0
-0.06426485726769572,-0.36026408134194376,0.137911160107482,0.0,0.9157871848400083,-0.4016638296919606,0.0
-0.05760646477600525,-0.3617500476103856,0.137056613247482,0.0,0.9169812443796636,-0.39893031654152805,0.0
-0.050462507957352166,-0.3631983239000689,0.13614442558748202,0.0,0.9182468419571242,-0.3960085065194536,0.0
-0.04283121145975792,-0.36458058688697303,0.13517487372748202,0.0,0.9195818216779212,-0.3928985533690801,0.0
-0.03471316206510864,-0.36586649762000056,0.134148428667482,0.0,0.9209836594357093,-0.3896012051475322,0.0
-0.026111476989193548,-0.3670239177963169,0.13306574860748202,0.0,0.9224494855287113,-0.3861177885669292,0.0
-0.017031970731762207,-0.3680191597321133,0.13192767174748202,0.0,0.9239761085956484,-0.3824501938088704,0.0
-0.007483315011132299,-0.36881726945118454,0.130735209087482,0.0,0.925560040748627,-0.37860085970504603,0.0
0.0025228139180739993,-0.3693823417108775,0.12948953722748202,0.0,0.92719752376907,-0.37457275917571053,0.0
0.012971606380096446,-0.36967786511600165,0.12819199116748203,0.0,0.928884556225055,-0.3703693848127606,0.0
0.02384501462256192,-0.3696670947494081,0.12684405710748203,0.0,0.930616921360157,-0.3659947344951064,0.0
0.03512167802244408,-0.36931344899062224,0.125447365247482,0.0,0.9323902155978852,-0.36145329692413836,0.0
0.046776883468692625,-0.3685809264224629,0.12400368258748203,0.0,0.9341998775007522,-0.3567500369692758,0.0
0.05878256576352973,-0.3674345379645618,0.12251490572748203,0.0,0.9360412170187014,-0.35189038071841133,0.0
0.07110735225521882,-0.36584074864908006,0.12098305366748204,0.0,0.9379094448590555,-0.3468802001328101,0.0
0.08371665513534308,-0.3637679227961883,0.11941026060748204,0.0,0.9397997018085729,-0.3417257972124983,0.0
0.09657281391400724,-0.3611867657838469,0.11779876874748205,0.0,0.9417070878374157,-0.3364338875868091,0.0
0.1096352895431306,-0.35807075516606685,0.11615092108748204,0.0,0.9436266908159953,-0.33101158345238335,0.0
0.12286091051284301,-0.35439655360200595,0.11446915422748205,0.0,0.9455536146771233,-0.3254663757917648,0.0
0.13620417002578078,-0.35014439593736213,0.11275599116748204,0.0,0.947483006859299,-0.31980611581528834,0.0
0.14961757209020787,-0.3452984428473824,0.11101403410748206,0.0,0.9494100848711414,-0.31403899558012227,0.0
0.16305202310046946,-0.3398470937194495,0.10924595724748205,0.0,0.9513301618225015,-0.3081735277514489,0.0
0.17645726422995237,-0.333783251928062,0.10745449958748206,0.0,0.9532386707742292,-0.302218524482833,0.0
0.1897823387864247,-0.32710453633418535,0.10564245772748207,0.0,0.9551311877667604,-0.2961830754031319,0.0
0.20297608761099345,-0.31981343371485976,0.10381267866748206,0.0,0.9570034533961062,-0.29007652471016493,0.0
0.21598766467682737,-0.3119173878803616,0.10196805260748207,0.0,0.95885139281627,-0.28390844738101606,0.0
0.22876706429574253,-0.3034288224404752,0.10011150574748207,0.0,0.9606711340578041,-0.27768862452050946,0.0
0.2412656507982704,-0.2943650955072906,0.09824599308748208,0.0,0.9624590245643673,-0.2714270178788524,0.0
0.25343668123831464,-0.28474838603240193,0.09637449122748208,0.0,0.9642116458619417,-0.26513374357898206,0.0
0.2652358116018605,-0.27460551293020397,0.09449999116748209,0.0,0.9659258262890664,-0.258819045102528,0.0
0.27662157717722335,-0.26396768959213357,0.09262549110748206,0.0,0.9675986517307335,-0.2524932655911177,0.0
0.28755583817009445,-0.25287021780412516,0.0907539892474821,0.0,0.9692274743137597,-0.24616681952564276,0.0
0.2980041823095284,-0.24135212639702405,0.08888847658748213,0.0,0.9708099190367195,-0.23985016385218078,0.0
0.3079362770719231,-0.22945576114559457,0.08703192972748208,0.0,0.97234388832349,-0.23355376862717583,0.0
0.31732616522219437,-0.2172263334487941,0.08518730366748209,0.0,0.9738275645055479,-0.2272880872575441,0.0
0.3261524986012815,-0.20471143614071266,0.08335752460748211,0.0,0.9752594102543856,-0.22106352641326446,0.0
0.33439870643809344,-0.19196053537370064,0.08154548274748212,0.0,0.9766381670016064,-0.21489041569074746,0.0
0.3420530958896143,-0.17902444786642727,0.0797540250874821,0.0,0.9779628514003721,-0.20877897710462565,0.0
0.3491088839707809,-0.16595481291225048,0.07798594822748212,0.0,0.9792327498976026,-0.20273929448426958,0.0
0.3555641614814735,-0.15280356839841905,0.07624399116748215,0.0,0.9804474115018594,-0.19678128284799737,0.0
0.3614217909287474,-0.13962243970383292,0.07453082810748213,0.0,0.9816066388464705,-0.19091465782525655,0.0
0.366689241738826,-0.12646244973992624,0.0728490612474821,0.0,0.9827104776618846,-0.1851489051913367,0.0
0.3713783672207742,-0.11337345760009417,0.0712012135874821,0.0,0.983759204784471,-0.17949325057456994,0.0
0.3755051287534481,-0.10040373231836447,0.06958972172748203,0.0,0.9847533148415141,-0.17395662938977027,0.0
0.37908927349757593,-0.08759956714219529,0.06801692866748217,0.0,0.985693505763701,-0.1685476570447209,0.0
0.38215397257120953,-0.07500493853497466,0.06648507660748212,0.0,0.9865806632867011,-0.16327459945984502,0.0
0.38472542706250534,-0.06266121287970558,0.06499629974748214,0.0,0.9874158446125973,-0.1581453439339619,0.0
0.38683244948944306,-0.05060690259502111,0.0635526170874822,0.0,0.9882002614098849,-0.1531673703810153,0.0
0.38850602835911335,-0.038877472135061916,0.06215592522748213,0.0,0.9889352623371119,-0.14834772295599158,0.0
0.3897788833432666,-0.02750519315982374,0.06080799116748212,0.0,0.9896223152803069,-0.14369298208070175,0.0
0.39068501829065466,-0.016519047062553877,0.059510445107482185,0.0,0.990262989497897,-0.13920923687272985,0.0
0.3912592788630851,-0.005944672051197777,0.058264773247482124,0.0,0.9908589378685955,-0.13490205797510618,0.0
0.39153692103656246,0.004195648877954417,0.057072310587482133,0.0,0.9914118794381537,-0.13077647077707763,0.0
0.39155319607838324,0.013882963449346582,0.055934233727482185,0.0,0.9919235824592159,-0.12683692901231577,0.0
0.3913429569227679,0.023101594032542503,0.05485155366748218,0.0,0.9923958481154438,-0.12308728871507792,0.0
0.3909402901478166,0.031839055312473684,0.053825108607482075,0.0,0.9928304951159929,-0.11953078251116929,0.0
0.39037817702946886,0.040085951274624686,0.052855556747482185,0.0,0.9932293453394285,-0.11616999421800031,0.0
0.38968818643511116,0.04783585715794597,0.05194336908748215,0.0,0.9935942106974208,-0.11300683372508666,0.0
0.3889002016382508,0.055085191965540826,0.051088822227482206,0.0,0.9939268813776604,-0.11004251212544264,0.0
0.38804218249993094,0.0618330869251404,0.05029199116748209,0.0,0.9942291156126005,-0.10727751706758588,0.0
0.38713996388156163,0.06808125497173585,0.04955274210748223,0.0,0.9945026311056483,-0.10471158829825243,0.0
0.386217090632339,0.07383386589878241,0.04887072524748226,0.0,0.9947490982293119,-0.10234369336686464,0.0
0.38529468903274355,0.07909743130857967,0.048245367587482074,0.0,0.994970135090404,-0.10017200346495657,0.0
0.38439137416988534,0.0838807029041207,0.047675865727482086,0.0,0.9951673045358709,-0.09819386937487135,0.0
0.38352319236305066,0.08819458702125958,0.04716117866748212,0.0,0.9953421131486863,-0.09640579750568899,0.0
0.3827035974378252,0.09205207761905658,0.0467000206074821,0.0,0.9954960122567075,-0.09480342599818428,0.0
0.3819434593510448,0.09546820924522978,0.04629085374748218,0.0,0.9956304009488157,-0.09338150087945896,0.0
0.3812511033811968,0.09846003078937454,0.045931881087482224,0.0,0.995746631060464,-0.0921338522571161,0.0
0.38063237780310627,0.10104660014608874,0.045621039227481924,0.0,0.9958460140571412,-0.09105337053895414,0.0
0.38009074764488315,0.10324899924880025,0.045355991167482096,0.0,0.9959298297067357,-0.09013198267159289,0.0
0.3796274117627554,0.10509036831843852,0.045134119107482135,0.0,0.99599933639241,-0.08936062838789233,0.0
0.37924144005008986,0.10659595761281222,0.04495251724748209,0.0,0.9960557828742608,-0.08872923645982495,0.0
0.37892992710745554,0.10779319447521332,0.04480798458748217,0.0,0.9961004212631575,-0.08822670094342357,0.0
0.37868815812988954,0.10871176307477959,0.04469701772748211,0.0,0.9961345209202525,-0.08784085741259064,0.0
0.37850978210788033,0.10938369391356394,0.04461580366748211,0.0,0.9961593829447075,-0.08755845916426047,0.0
0.3783869866852867,0.10984345994997922,0.04456021260748219,0.0,0.99617635485632,-0.08736515338036947,0.0
0.37831066816955194,0.11012807605310254,0.04452579074748217,0.0,0.9961868450216881,-0.08724545722119359,0.0
0.3782705892495464,0.1102771984492229,0.04450775308748209,0.0,0.9961923363099601,-0.08718273382558815,0.0
0.37825551595015916,0.11033322083386674,0.04450097622748214,0.0,0.9961943984002495,-0.08715916816930434,0.0
0.3782533242493022,0.11034136387249563,0.04449999116748213,0.0,0.9961946980902328,-0.08715574276494958,0.0
