-0.11423878108775849,-0.34470135647890643,0.144499991167482,0.0,0.9063077870366499,-0.42261826174069944,0.0
-0.11423151979807589,-0.34470421420968916,0.14449900610748198,0.0,0.9063092402133339,-0.42261514537925565,0.0
-0.1141815628159687,-0.34472387016576456,0.144492229247482,0.0,0.9063192372129499,-0.42259370588987316,0.0
-0.11404857834565058,-0.3447761517180088,0.14447419158748198,0.0,0.9063458433148646,-0.42253664019332926,0.0
-0.11379473423705201,-0.3448757778145524,0.144439769727482,0.0,0.9063966066447537,-0.42242773519606347,0.0
-0.1133845966977099,-0.34503627264315306,0.144384178667482,0.0,0.9064785614305755,-0.4222518415196722,0.0
-0.11278501780020705,-0.3452698525873009,0.144302964607482,0.0,0.9065982294099729,-0.4219948464504064,0.0
-0.11196501638961609,-0.3455872946365277,0.14419199774748198,0.0,0.9067616200059637,-0.4216436463225317,0.0
-0.11089565684954492,-0.3459977933743853,0.144047465087482,0.0,0.9069742297854886,-0.42118611860437644,0.0
-0.10954993002002825,-0.3465088127103645,0.143865863227482,0.0,0.9072410416622114,-0.4206110939141592,0.0
-0.10790264035338305,-0.34712593765909444,0.143643991167482,0.0,0.9075665242484746,-0.4199083281664498,0.0
-0.10593030313151724,-0.3478527307106384,0.143378943107482,0.0,0.9079546317004221,-0.4190684750416701,0.0
-0.10361105524316813,-0.3486905966837768,0.143068101247482,0.0,0.9084088043596765,-0.4180830589270785,0.0
-0.10092458263042572,-0.349638659409398,0.142709128587482,0.0,0.9089319704415127,-0.41694444846922835,0.0
-0.09785206706271593,-0.3506936531486766,0.142299961727482,0.0,0.9095265489794959,-0.4156458308481496,0.0
-0.09437615438799268,-0.35184983130199576,0.141838803667482,0.0,0.910194454196082,-0.4141811868623395,0.0
-0.09048094585178035,-0.35309889469743816,0.141324116607482,0.0,0.9109371014311494,-0.41254526689348386,0.0
-0.08615201347287939,-0.3544299415475536,0.140754614747482,0.0,0.9117554147276137,-0.4107335677965429,0.0
-0.0813764398286721,-0.35582944101300473,0.140129257087482,0.0,0.9126498361416683,-0.4087423107418488,0.0
-0.07614288194252397,-0.35728123219351804,0.139447240227482,0.0,0.9136203368170719,-0.4065684200159429,0.0
-0.07044165829075039,-0.3587665502613989,0.138707991167482,0.0,0.9146664298364307,-0.4042095027708748,0.0
-0.06426485726769571,-0.36026408134194343,0.137911160107482,0.0,0.9157871848400075,-0.40166382969196257,0.0
-0.057606464776005166,-0.3617500476103853,0.137056613247482,0.0,0.9169812443796478,-0.39893031654156413,0.0
-0.05046250795735212,-0.36319832390006845,0.13614442558748202,0.0,0.9182468419571225,-0.3960085065194576,0.0
-0.04283121145975784,-0.3645805868869726,0.13517487372748202,0.0,0.9195818216779196,-0.392898553369084,0.0
-0.0347131620651086,-0.3658664976200001,0.134148428667482,0.0,0.9209836594357197,-0.3896012051475076,0.0
-0.02611147698919352,-0.36702391779631616,0.13306574860748202,0.0,0.9224494855287103,-0.3861177885669316,0.0
-0.017031970731762165,-0.3680191597321124,0.13192767174748202,0.0,0.9239761085956582,-0.38245019380884687,0.0
-0.007483315011132257,-0.3688172694511835,0.130735209087482,0.0,0.9255600407486265,-0.37860085970504714,0.0
0.0025228139180740686,-0.3693823417108762,0.12948953722748202,0.0,0.9271975237690695,-0.3745727591757117,0.0
0.012971606380096418,-0.3696778651160002,0.12819199116748203,0.0,0.9288845562250545,-0.3703693848127618,0.0
0.023845014622561802,-0.36966709474940807,0.12684405710748203,0.0,0.9306169213601565,-0.3659947344951076,0.0
0.03512167802244403,-0.3693134489906221,0.125447365247482,0.0,0.9323902155978846,-0.3614532969241395,0.0
0.04677688346869256,-0.36858092642246265,0.12400368258748203,0.0,0.9341998775007517,-0.35675003696927693,0.0
0.058782565763529644,-0.3674345379645615,0.12251490572748203,0.0,0.9360412170187009,-0.3518903807184124,0.0
0.07110735225521872,-0.3658407486490797,0.12098305366748204,0.0,0.9379094448590622,-0.34688020013279175,0.0
0.08371665513534295,-0.3637679227961881,0.11941026060748204,0.0,0.9397997018085656,-0.34172579721251806,0.0
0.09657281391400716,-0.36118676578384656,0.11779876874748205,0.0,0.9417070878374153,-0.3364338875868105,0.0
0.10963528954313051,-0.35807075516606657,0.11615092108748204,0.0,0.9436266908159947,-0.33101158345238474,0.0
0.12286091051284287,-0.3543965536020055,0.11446915422748205,0.0,0.945553614677129,-0.32546637579174825,0.0
0.1362041700257805,-0.3501443959373616,0.11275599116748206,0.0,0.9474830068593045,-0.3198061158152717,0.0
0.1496175720902076,-0.34529844284738187,0.11101403410748206,0.0,0.949410084871147,-0.31403899558010556,0.0
0.16305202310046904,-0.339847093719449,0.10924595724748205,0.0,0.9513301618225014,-0.30817352775144946,0.0
0.17645726422995187,-0.33378325192806135,0.10745449958748206,0.0,0.953238670774229,-0.30221852448283354,0.0
0.1897823387864242,-0.32710453633418446,0.10564245772748207,0.0,0.9551311877667603,-0.2961830754031324,0.0
0.20297608761099276,-0.3198134337148588,0.10381267866748206,0.0,0.9570034533961059,-0.2900765247101655,0.0
0.2159876646768263,-0.3119173878803604,0.10196805260748207,0.0,0.9588513928162699,-0.28390844738101656,0.0
0.22876706429574228,-0.30342882244047487,0.10011150574748207,0.0,0.9606711340577992,-0.2776886245205264,0.0
0.24126565079827006,-0.2943650955072905,0.09824599308748208,0.0,0.962459024564367,-0.2714270178788529,0.0
0.25343668123831414,-0.2847483860324019,0.09637449122748208,0.0,0.9642116458619461,-0.26513374357896646,0.0
0.2652358116018602,-0.27460551293020374,0.09449999116748209,0.0,0.9659258262890662,-0.2588190451025287,0.0
0.27662157717722297,-0.26396768959213324,0.09262549110748206,0.0,0.9675986517307333,-0.2524932655911184,0.0
0.28755583817009406,-0.2528702178041249,0.0907539892474821,0.0,0.9692274743137553,-0.24616681952565997,0.0
0.2980041823095279,-0.24135212639702372,0.08888847658748214,0.0,0.9708099190367194,-0.2398501638521814,0.0
0.30793627707192245,-0.22945576114559435,0.08703192972748208,0.0,0.9723438883234898,-0.23355376862717644,0.0
0.3173261652221935,-0.2172263334487938,0.08518730366748209,0.0,0.9738275645055476,-0.22728808725754485,0.0
0.3261524986012804,-0.20471143614071238,0.08335752460748211,0.0,0.9752594102543853,-0.2210635264132653,0.0
0.33439870643809244,-0.19196053537370003,0.08154548274748212,0.0,0.9766381670016101,-0.21489041569073097,0.0
0.3420530958896132,-0.1790244478664262,0.0797540250874821,0.0,0.977962851400372,-0.20877897710462628,0.0
0.3491088839707805,-0.1659548129122503,0.07798594822748212,0.0,0.9792327498976025,-0.20273929448427,0.0
0.35556416148147313,-0.152803568398419,0.07624399116748215,0.0,0.980447411501863,-0.19678128284797974,0.0
0.3614217909287468,-0.13962243970383284,0.07453082810748213,0.0,0.9816066388464704,-0.1909146578252571,0.0
0.36668924173882544,-0.12646244973992626,0.0728490612474821,0.0,0.9827104776618845,-0.18514890519133745,0.0
0.37137836722077366,-0.11337345760009422,0.0712012135874821,0.0,0.9837592047844708,-0.17949325057457077,0.0
0.3755051287534474,-0.10040373231836464,0.06958972172748203,0.0,0.984753314841514,-0.17395662938977113,0.0
0.37908927349757504,-0.08759956714219574,0.06801692866748217,0.0,0.9856935057637009,-0.1685476570447217,0.0
0.38215397257120853,-0.07500493853497484,0.06648507660748212,0.0,0.986580663286701,-0.16327459945984593,0.0
0.38472542706250423,-0.06266121287970546,0.06499629974748214,0.0,0.9874158446125971,-0.15814534393396268,0.0
0.3868324494894416,-0.05060690259502145,0.0635526170874822,0.0,0.9882002614098881,-0.15316737038099426,0.0
0.38850602835911174,-0.03887747213506206,0.06215592522748213,0.0,0.988935262337115,-0.14834772295597073,0.0
0.38977888334326616,-0.02750519315982413,0.06080799116748212,0.0,0.98962231528031,-0.14369298208068085,0.0
0.3906850182906542,-0.01651904706255433,0.059510445107482185,0.0,0.9902629894978966,-0.1392092368727333,0.0
0.3912592788630846,-0.005944672051198394,0.058264773247482124,0.0,0.9908589378685949,-0.1349020579751097,0.0
0.391536921036562,0.004195648877954417,0.057072310587482133,0.0,0.9914118794381532,-0.13077647077708104,0.0
0.3915531960783827,0.013882963449346527,0.055934233727482185,0.0,0.9919235824592154,-0.1268369290123193,0.0
0.3913429569227672,0.02310159403254222,0.05485155366748218,0.0,0.9923958481154435,-0.12308728871508133,0.0
0.39094029014781595,0.03183905531247332,0.053825108607482075,0.0,0.9928304951159962,-0.11953078251114174,0.0
0.3903781770294681,0.04008595127462421,0.052855556747482185,0.0,0.993229345339428,-0.1161699942180054,0.0
0.38968818643511044,0.047835857157945846,0.05194336908748215,0.0,0.9935942106974242,-0.11300683372505732,0.0
0.38890020163824995,0.05508519196554041,0.051088822227482206,0.0,0.9939268813776596,-0.11004251212545035,0.0
0.38804218249992994,0.061833086925139655,0.05029199116748209,0.0,0.9942291156125997,-0.10727751706759381,0.0
0.3871399638815608,0.068081254971735,0.04955274210748223,0.0,0.9945026311056475,-0.10471158829826037,0.0
0.38621709063233806,0.07383386589878159,0.04887072524748226,0.0,0.994749098229311,-0.10234369336687282,0.0
0.3852946890327428,0.07909743130857784,0.048245367587482074,0.0,0.9949701350904031,-0.10017200346496474,0.0
0.3843913741698845,0.08388070290411995,0.047675865727482086,0.0,0.9951673045358755,-0.09819386937482395,0.0
0.3835231923630501,0.0881945870212577,0.04716117866748212,0.0,0.9953421131486848,-0.09640579750570312,0.0
0.38270359743782467,0.09205207761905487,0.0467000206074821,0.0,0.9954960122567061,-0.0948034259981983,0.0
0.38194345935104423,0.09546820924522847,0.04629085374748218,0.0,0.9956304009488145,-0.09338150087947288,0.0
0.38125110338119744,0.0984600307893738,0.045931881087482224,0.0,0.9957466310604628,-0.09213385225713003,0.0
0.3806323778031058,0.10104660014608902,0.045621039227481924,0.0,0.9958460140571307,-0.09105337053906969,0.0
0.38009074764488293,0.10324899924879889,0.045355991167482096,0.0,0.9959298297067469,-0.09013198267146949,0.0
0.37962741176275494,0.1050903683184378,0.045134119107482135,0.0,0.9959993363924082,-0.08936062838791191,0.0
0.37924144005009,0.10659595761281007,0.04495251724748209,0.0,0.996055782874259,-0.08872923645984464,0.0
0.3789299271074549,0.107793194475214,0.04480798458748217,0.0,0.9961004212631362,-0.08822670094366289,0.0
0.37868815812988826,0.108711763074778,0.04469701772748211,0.0,0.9961345209202566,-0.08784085741254465,0.0
0.3785097821078792,0.10938369391356323,0.04461580366748211,0.0,0.9961593829447116,-0.08755845916421445,0.0
0.3783869866852865,0.10984345994997655,0.04456021260748219,0.0,0.9961763548563239,-0.08736515338032347,0.0
0.37831066816955156,0.11012807605310124,0.04452579074748217,0.0,0.9961868450216115,-0.0872454572220681,0.0
0.3782705892495468,0.11027719844921965,0.04450775308748209,0.0,0.9961923363098836,-0.08718273382646277,0.0
0.3782555159501595,0.11033322083386542,0.04450097622748214,0.0,0.9961943984001729,-0.08715916817017909,0.0
0.3782533242493017,0.11034136387249413,0.04449999116748213,0.0,0.9961946980929702,-0.08715574273365946,0.0
