0.0
0.01562356948852539
0.008265972137451172
0.0008955001831054688
0.003275156021118164
0.0
0.0
0.0
0.010003089904785156
0.0
0.0
0.003004789352416992
0.0029528141021728516
0.005505561828613281
0.0
0.0036003589630126953
0.0
0.0
0.0
0.0
0.0
0.0
0.0
0.002991914749145508
0.00502467155456543
0.0030591487884521484
0.0
0.0
0.0
0.0
0.004311800003051758
0.0
0.004043102264404297
0.0
0.005593061447143555
0.0
0.0
0.005505561828613281
0.0
0.0
0.005982637405395508
0.006345272064208984
0.003500223159790039
0.0
0.0
0.006001710891723633
0.010002374649047852
0.0
0.006056785583496094
0.012002944946289062
0.01000213623046875
0.0
0.0
0.011603593826293945
0.01573348045349121
0.0
0.0040051937103271484
0.0
0.0
0.0
0.011582136154174805
0.0
0.0
0.0
0.0
0.0
0.00695490837097168
0.0
0.0
0.0
0.0
0.0
0.011598587036132812
0.0
0.0
0.0
0.0
0.0055065155029296875
0.010052204132080078
0.0
0.0
0.0
0.0010046958923339844
0.005509853363037109
0.0
0.0025038719177246094
0.010002374649047852
0.0
0.0
0.0
0.015623331069946289
0.0019931793212890625
0.010053396224975586
0.0
0.0
0.0
0.005591869354248047
0.015624284744262695
0.0
0.0
0.0
