0.00553131103515625
0.011634349822998047
0.010954618453979492
0.012580633163452148
0.007541656494140625
0.02019643783569336
0.0060405731201171875
0.01565718650817871
0.011561393737792969
0.016082048416137695
0.01610088348388672
0.01600503921508789
0.012003183364868164
0.01610875129699707
0.02571702003479004
0.014597177505493164
0.01555776596069336
0.01561427116394043
0.01677083969116211
0.016762256622314453
0.024045467376708984
0.015042781829833984
0.0160369873046875
0.010009527206420898
0.02310347557067871
0.020061969757080078
0.01609969139099121
0.0060024261474609375
0.02571582794189453
0.01514887809753418
0.003042936325073242
0.02017068862915039
0.0016129016876220703
0.016651153564453125
0.010253190994262695
0.016689062118530273
0.016725540161132812
0.03132176399230957
0.008538246154785156
0.007530927658081055
0.014786005020141602
0.008539915084838867
0.016618013381958008
0.018732547760009766
0.016658782958984375
0.00769495964050293
0.016686201095581055
0.016690492630004883
0.015514850616455078
0.006003379821777344
0.021572113037109375
0.025719881057739258
0.016514301300048828
0.016005516052246094
0.005506277084350586
0.020111083984375
0.015599489212036133
0.006002902984619141
0.020087718963623047
0.02006244659423828
0.015627145767211914
0.015569448471069336
0.020062685012817383
0.017390966415405273
0.016004562377929688
0.015623807907104492
0.016005277633666992
0.015699386596679688
0.016010046005249023
0.010010004043579102
0.02569293975830078
0.025717496871948242
0.010011434555053711
0.025684118270874023
0.015592098236083984
0.010154962539672852
0.010015010833740234
0.02567887306213379
0.018026113510131836
0.006002664566040039
0.015624284744262695
0.016004085540771484
0.011586904525756836
0.016005277633666992
0.011506795883178711
0.016090869903564453
0.015279054641723633
0.013104677200317383
0.01610732078552246
0.016068220138549805
0.016181468963623047
0.0161135196685791
0.015705108642578125
0.01701498031616211
0.015717506408691406
0.01600933074951172
0.0
0.012039661407470703
0.01605844497680664
0.01000213623046875
0.010010004043579102
