-0.11423878108775849,-0.34470135647890643,0.144499991167482,0.0,0.9063077870366499,-0.42261826174069944,0.0
-0.1142315197980759,-0.3447042142096892,0.14449900610748198,0.0,0.9063092402133339,-0.42261514537925565,0.0
-0.11418156281596883,-0.3447238701657648,0.144492229247482,0.0,0.9063192372129499,-0.42259370588987316,0.0
-0.11404857834565087,-0.3447761517180097,0.14447419158748198,0.0,0.9063458433148646,-0.42253664019332926,0.0
-0.113794734237052,-0.34487577781455253,0.144439769727482,0.0,0.9063966066447537,-0.4224277351960636,0.0
-0.11338459669770992,-0.3450362726431532,0.144384178667482,0.0,0.9064785614305755,-0.4222518415196722,0.0
-0.11278501780020703,-0.34526985258730103,0.144302964607482,0.0,0.9065982294099729,-0.4219948464504065,0.0
-0.11196501638961615,-0.3455872946365279,0.14419199774748198,0.0,0.9067616200059637,-0.4216436463225317,0.0
-0.11089565684954507,-0.34599779337438563,0.144047465087482,0.0,0.9069742297854885,-0.42118611860437655,0.0
-0.10954993002002833,-0.34650881271036493,0.143865863227482,0.0,0.9072410416622114,-0.4206110939141592,0.0
-0.1079026403533833,-0.34712593765909505,0.143643991167482,0.0,0.9075665242484746,-0.4199083281664498,0.0
-0.10593030313151745,-0.34785273071063927,0.143378943107482,0.0,0.9079546317004221,-0.4190684750416701,0.0
-0.10361105524316849,-0.348690596683778,0.143068101247482,0.0,0.9084088043596765,-0.4180830589270785,0.0
-0.10092458263042575,-0.34963865940939803,0.142709128587482,0.0,0.9089319704414758,-0.4169444484693089,0.0
-0.09785206706271599,-0.35069365314867673,0.142299961727482,0.0,0.9095265489794915,-0.41564583084815937,0.0
-0.09437615438799271,-0.35184983130199576,0.141838803667482,0.0,0.9101944541961062,-0.41418118686228655,0.0
-0.0904809458517804,-0.35309889469743805,0.141324116607482,0.0,0.9109371014311479,-0.41254526689348714,0.0
-0.0861520134728793,-0.3544299415475535,0.140754614747482,0.0,0.9117554147276121,-0.41073356779654613,0.0
-0.08137643982867204,-0.3558294410130044,0.140129257087482,0.0,0.9126498361416668,-0.408742310741852,0.0
-0.07614288194252386,-0.35728123219351726,0.139447240227482,0.0,0.9136203368170704,-0.406568420015946,0.0
-0.07044165829075039,-0.35876655026139925,0.138707991167482,0.0,0.9146664298364466,-0.40420950277083856,0.0
-0.06426485726769574,-0.36026408134194376,0.137911160107482,0.0,0.9157871848400234,-0.40166382969192627,0.0
-0.05760646477600525,-0.3617500476103856,0.137056613247482,0.0,0.9169812443796488,-0.3989303165415619,0.0
-0.050462507957352146,-0.3631983239000689,0.13614442558748202,0.0,0.9182468419571235,-0.3960085065194554,0.0
-0.042831211459757906,-0.36458058688697303,0.13517487372748202,0.0,0.9195818216778947,-0.3928985533691422,0.0
-0.03471316206510864,-0.36586649762000056,0.134148428667482,0.0,0.920983659435707,-0.3896012051475374,0.0
-0.026111476989193548,-0.3670239177963169,0.13306574860748202,0.0,0.9224494855287092,-0.3861177885669343,0.0
-0.017031970731762235,-0.3680191597321133,0.13192767174748202,0.0,0.923976108595657,-0.38245019380884965,0.0
-0.007483315011132271,-0.36881726945118454,0.130735209087482,0.0,0.9255600407486254,-0.3786008597050499,0.0
0.002522813918074013,-0.36938234171087747,0.12948953722748202,0.0,0.9271975237690685,-0.3745727591757144,0.0
0.012971606380096446,-0.36967786511600165,0.12819199116748203,0.0,0.9288845562250534,-0.3703693848127645,0.0
0.023845014622561885,-0.3696670947494082,0.12684405710748203,0.0,0.9306169213601554,-0.36599473449511044,0.0
0.03512167802244409,-0.36931344899062224,0.125447365247482,0.0,0.9323902155978836,-0.3614532969241423,0.0
0.04677688346869266,-0.3685809264224629,0.12400368258748203,0.0,0.9341998775007586,-0.35675003696925894,0.0
0.05878256576352974,-0.3674345379645618,0.12251490572748203,0.0,0.9360412170187002,-0.3518903807184143,0.0
0.07110735225521882,-0.36584074864908006,0.12098305366748204,0.0,0.9379094448590544,-0.34688020013281307,0.0
0.0837166551353431,-0.3637679227961883,0.11941026060748204,0.0,0.9397997018085718,-0.3417257972125014,0.0
0.09657281391400724,-0.3611867657838469,0.11779876874748205,0.0,0.941707087837408,-0.3364338875868309,0.0
0.10963528954313065,-0.3580707551660668,0.11615092108748204,0.0,0.9436266908160004,-0.3310115834523687,0.0
0.12286091051284304,-0.35439655360200584,0.11446915422748205,0.0,0.9455536146771284,-0.3254663757917501,0.0
0.13620417002578078,-0.3501443959373621,0.11275599116748203,0.0,0.9474830068592981,-0.31980611581529106,0.0
0.14961757209020793,-0.3452984428473824,0.11101403410748206,0.0,0.9494100848711463,-0.3140389955801076,0.0
0.16305202310046946,-0.33984709371944943,0.10924595724748204,0.0,0.9513301618225007,-0.3081735277514514,0.0
0.17645726422995237,-0.33378325192806196,0.10745449958748204,0.0,0.9532386707742337,-0.30221852448281855,0.0
0.18978233878642475,-0.3271045363341853,0.10564245772748207,0.0,0.9551311877667598,-0.2961830754031342,0.0
0.20297608761099348,-0.3198134337148597,0.10381267866748206,0.0,0.9570034533961054,-0.2900765247101673,0.0
0.21598766467682737,-0.31191738788036155,0.10196805260748207,0.0,0.9588513928162692,-0.28390844738101856,0.0
0.22876706429574253,-0.30342882244047503,0.10011150574748207,0.0,0.9606711340578035,-0.2776886245205118,0.0
0.24126565079827042,-0.2943650955072906,0.09824599308748208,0.0,0.9624590245643666,-0.27142701787885454,0.0
0.25343668123831464,-0.2847483860324018,0.09637449122748207,0.0,0.9642116458619456,-0.2651337435789681,0.0
0.2652358116018605,-0.27460551293020397,0.09449999116748209,0.0,0.9659258262890701,-0.2588190451025139,0.0
0.27662157717722335,-0.26396768959213346,0.09262549110748206,0.0,0.9675986517307329,-0.25249326559111995,0.0
0.28755583817009445,-0.2528702178041251,0.0907539892474821,0.0,0.9692274743137591,-0.24616681952564512,0.0
0.29800418230952846,-0.24135212639702394,0.08888847658748211,0.0,0.9708099190367149,-0.23985016385219962,0.0
0.3079362770719231,-0.2294557611455946,0.08703192972748208,0.0,0.9723438883234895,-0.2335537686271779,0.0
0.31732616522219437,-0.21722633344879397,0.08518730366748209,0.0,0.9738275645055474,-0.22728808725754612,0.0
0.3261524986012814,-0.2047114361407126,0.08335752460748211,0.0,0.9752594102543851,-0.2210635264132666,0.0
0.33439870643809355,-0.19196053537370064,0.08154548274748212,0.0,0.976638167001606,-0.21489041569074951,0.0
0.3420530958896143,-0.17902444786642716,0.0797540250874821,0.0,0.9779628514003716,-0.20877897710462762,0.0
0.3491088839707809,-0.16595481291225042,0.07798594822748212,0.0,0.9792327498976058,-0.2027392944842538,0.0
0.3555641614814735,-0.15280356839841905,0.07624399116748215,0.0,0.980447411501859,-0.19678128284799945,0.0
0.3614217909287474,-0.13962243970383284,0.07453082810748213,0.0,0.9816066388464701,-0.1909146578252586,0.0
0.366689241738826,-0.12646244973992624,0.0728490612474821,0.0,0.9827104776618842,-0.1851489051913389,0.0
0.3713783672207742,-0.1133734576000941,0.0712012135874821,0.0,0.9837592047844705,-0.17949325057457197,0.0
0.3755051287534481,-0.10040373231836446,0.06958972172748203,0.0,0.9847533148415136,-0.17395662938977247,0.0
0.379089273497576,-0.08759956714219516,0.06801692866748217,0.0,0.9856935057637041,-0.16854765704470306,0.0
0.3821539725712095,-0.07500493853497457,0.06648507660748212,0.0,0.9865806632867041,-0.16327459945982725,0.0
0.38472542706250534,-0.0626612128797055,0.06499629974748214,0.0,0.9874158446125935,-0.15814534393398622,0.0
0.38683244948944306,-0.05060690259502107,0.0635526170874822,0.0,0.9882002614098845,-0.15316737038101785,0.0
0.38850602835911335,-0.03887747213506188,0.06215592522748213,0.0,0.9889352623371148,-0.14834772295597193,0.0
0.3897788833432666,-0.027505193159823586,0.06080799116748212,0.0,0.9896223152803098,-0.14369298208068196,0.0
0.3906850182906547,-0.016519047062553773,0.059510445107482185,0.0,0.990262989497893,-0.1392092368727587,0.0
0.3912592788630851,-0.005944672051197742,0.058264773247482124,0.0,0.9908589378685916,-0.1349020579751351,0.0
0.3915369210365625,0.004195648877954514,0.057072310587482133,0.0,0.9914118794381498,-0.13077647077710672,0.0
0.39155319607838324,0.013882963449346624,0.055934233727482185,0.0,0.9919235824592156,-0.1268369290123171,0.0
0.3913429569227679,0.02310159403254257,0.05485155366748218,0.0,0.9923958481154437,-0.12308728871507912,0.0
0.3909402901478166,0.03183905531247377,0.053825108607482075,0.0,0.9928304951159928,-0.1195307825111705,0.0
0.39037817702946886,0.0400859512746249,0.052855556747482185,0.0,0.9932293453394322,-0.11616999421796899,0.0
0.38968818643511116,0.04783585715794602,0.05194336908748215,0.0,0.9935942106974204,-0.1130068337250902,0.0
0.3889002016382508,0.05508519196554085,0.051088822227482206,0.0,0.993926881377664,-0.11004251212540932,0.0
0.38804218249993083,0.06183308692514052,0.05029199116748209,0.0,0.9942291156125999,-0.10727751706759239,0.0
0.38713996388156163,0.06808125497173592,0.04955274210748223,0.0,0.9945026311056476,-0.10471158829825893,0.0
0.38621709063233894,0.07383386589878252,0.04887072524748226,0.0,0.9947490982293112,-0.10234369336687116,0.0
0.3852946890327434,0.07909743130857978,0.048245367587482074,0.0,0.9949701350904033,-0.10017200346496308,0.0
0.38439137416988534,0.08388070290412085,0.047675865727482086,0.0,0.9951673045358757,-0.0981938693748223,0.0
0.38352319236305066,0.08819458702125968,0.04716117866748212,0.0,0.995342113148685,-0.09640579750570134,0.0
0.38270359743782517,0.09205207761905673,0.0467000206074821,0.0,0.9954960122567064,-0.09480342599819686,0.0
0.3819434593510448,0.09546820924522989,0.04629085374748218,0.0,0.9956304009488073,-0.09338150087954893,0.0
0.38125110338119805,0.09846003078937494,0.045931881087482224,0.0,0.9957466310604639,-0.09213385225711786,0.0
0.3806323778031062,0.10104660014608897,0.045621039227481924,0.0,0.9958460140571411,-0.0910533705389556,0.0
0.38009074764488315,0.10324899924880028,0.045355991167482096,0.0,0.9959298297067356,-0.09013198267159443,0.0
0.37962741176275533,0.10509036831843852,0.045134119107482135,0.0,0.9959993363924098,-0.08936062838789433,0.0
0.37924144005008975,0.1065959576128124,0.04495251724748209,0.0,0.9960557828742606,-0.08872923645982694,0.0
0.37892992710745543,0.10779319447521354,0.04480798458748217,0.0,0.9961004212631572,-0.08822670094342568,0.0
0.37868815812988943,0.1087117630747798,0.04469701772748211,0.0,0.9961345209202523,-0.08784085741259276,0.0
0.3785097821078802,0.10938369391356405,0.04461580366748211,0.0,0.9961593829447074,-0.0875584591642627,0.0
0.3783869866852866,0.10984345994997949,0.04456021260748219,0.0,0.9961763548563197,-0.08736515338037168,0.0
0.37831066816955183,0.11012807605310257,0.04452579074748217,0.0,0.9961868450216073,-0.08724545722211655,0.0
0.37827058924954626,0.11027719844922308,0.04450775308748209,0.0,0.9961923363098794,-0.087182733826511,0.0
0.37825551595015905,0.11033322083386685,0.04450097622748214,0.0,0.9961943984001688,-0.08715916817022708,0.0
0.37825332424930214,0.11034136387249571,0.04449999116748213,0.0,0.9961946980901519,-0.08715574276587267,0.0
