0.0
0.004238605499267578
0.017992019653320312
0.0
0.006518840789794922
0.007506132125854492
0.0
0.01862812042236328
0.0
0.0
0.005878925323486328
0.0
0.0
0.010009050369262695
0.0060062408447265625
0.010002851486206055
0.01000213623046875
0.009005069732666016
0.0
0.00600433349609375
0.005546092987060547
0.01450967788696289
0.007178544998168945
0.006738424301147461
0.014688730239868164
0.0
0.010117530822753906
0.0067212581634521484
0.006848812103271484
0.009767293930053711
0.0067348480224609375
0.015560150146484375
0.025994539260864258
0.0060405731201171875
0.01603841781616211
0.01008749008178711
0.0
0.010002613067626953
0.00437164306640625
0.006801605224609375
0.014066457748413086
0.0
0.0
0.015780925750732422
0.015508413314819336
0.01550912857055664
0.005004167556762695
0.0060024261474609375
0.005541086196899414
0.006099224090576172
0.011536121368408203
0.006079912185668945
0.015598058700561523
0.011595964431762695
0.015718936920166016
0.015623807907104492
0.011099815368652344
0.01574087142944336
0.0
0.004504680633544922
0.006525278091430664
0.0060312747955322266
0.005576610565185547
0.015741586685180664
0.0
0.0
0.010029315948486328
0.010036468505859375
0.011532068252563477
0.005506038665771484
0.011070489883422852
0.006125450134277344
0.0
0.010639429092407227
0.010002374649047852
0.016097545623779297
0.003026723861694336
0.0
0.0
0.016004562377929688
0.015712261199951172
0.010009288787841797
0.0031151771545410156
0.0
0.0
0.0
0.015703439712524414
0.011599302291870117
0.007616758346557617
0.015713214874267578
0.011512041091918945
0.006531476974487305
0.015680313110351562
0.010509729385375977
0.0
0.011596441268920898
0.0026171207427978516
0.01000213623046875
0.0
0.013576745986938477
0.007004737854003906
