-0.11423878108775849,-0.34470135647890643,0.144499991167482,0.0,0.9063077870366499,-0.42261826174069944,0.0
-0.1142315197980759,-0.3447042142096892,0.14449900610748198,0.0,0.906309240207594,-0.42261514539156514,0.0
-0.11418156281596882,-0.3447238701657649,0.144492229247482,0.0,0.906319237212792,-0.42259370589021183,0.0
-0.11404857834565088,-0.3447761517180097,0.14447419158748198,0.0,0.9063458433153233,-0.4225366401923452,0.0
-0.11379473423705201,-0.3448757778145525,0.144439769727482,0.0,0.9063966066450428,-0.4224277351954433,0.0
-0.11338459669770995,-0.3450362726431532,0.144384178667482,0.0,0.9064785614305023,-0.42225184151982936,0.0
-0.11278501780020708,-0.34526985258730103,0.144302964607482,0.0,0.9065982294099129,-0.42199484645053553,0.0
-0.11196501638961617,-0.3455872946365279,0.14419199774748198,0.0,0.9067616200060165,-0.42164364632241835,0.0
-0.11089565684954503,-0.34599779337438563,0.144047465087482,0.0,0.9069742297854299,-0.4211861186045028,0.0
-0.10954993002002837,-0.34650881271036493,0.143865863227482,0.0,0.9072410416622461,-0.42061109391408436,0.0
-0.10790264035338328,-0.34712593765909505,0.143643991167482,0.0,0.9075665242484914,-0.41990832816641355,0.0
-0.1059303031315175,-0.34785273071063927,0.143378943107482,0.0,0.9079546317004312,-0.41906847504165035,0.0
-0.10361105524316852,-0.348690596683778,0.143068101247482,0.0,0.9084088043596784,-0.41808305892707426,0.0
-0.10092458263042572,-0.34963865940939803,0.142709128587482,0.0,0.9089319704414939,-0.41694444846926937,0.0
-0.09785206706271594,-0.3506936531486767,0.142299961727482,0.0,0.9095265489794974,-0.41564583084814655,0.0
-0.09437615438799271,-0.35184983130199576,0.141838803667482,0.0,0.9101944541960967,-0.4141811868623075,0.0
-0.09048094585178038,-0.3530988946974382,0.141324116607482,0.0,0.9109371014311571,-0.41254526689346666,0.0
-0.08615201347287939,-0.3544299415475537,0.140754614747482,0.0,0.911755414727609,-0.4107335677965532,0.0
-0.08137643982867213,-0.35582944101300484,0.140129257087482,0.0,0.9126498361416818,-0.4087423107418186,0.0
-0.076142881942524,-0.35728123219351815,0.139447240227482,0.0,0.9136203368170718,-0.4065684200159431,0.0
-0.07044165829075041,-0.35876655026139914,0.138707991167482,0.0,0.9146664298364383,-0.4042095027708575,0.0
-0.06426485726769575,-0.36026408134194365,0.137911160107482,0.0,0.915787184840015,-0.40166382969194553,0.0
-0.05760646477600521,-0.3617500476103856,0.137056613247482,0.0,0.9169812443796522,-0.39893031654155403,0.0
-0.050462507957352166,-0.3631983239000688,0.13614442558748202,0.0,0.9182468419571257,-0.39600850651945024,0.0
-0.04283121145975792,-0.36458058688697303,0.13517487372748202,0.0,0.9195818216779122,-0.39289855336910096,0.0
-0.03471316206510867,-0.36586649762000056,0.134148428667482,0.0,0.9209836594357156,-0.3896012051475173,0.0
-0.02611147698919359,-0.3670239177963168,0.13306574860748202,0.0,0.9224494855287096,-0.386117788566933,0.0
-0.017031970731762235,-0.3680191597321132,0.13192767174748202,0.0,0.9239761085956536,-0.3824501938088578,0.0
-0.007483315011132313,-0.3688172694511844,0.130735209087482,0.0,0.9255600407486265,-0.3786008597050472,0.0
0.002522813918074041,-0.36938234171087736,0.12948953722748202,0.0,0.9271975237690718,-0.3745727591757061,0.0
0.012971606380096418,-0.36967786511600154,0.12819199116748203,0.0,0.9288845562250625,-0.37036938481274184,0.0
0.023845014622561823,-0.36966709474940807,0.12684405710748203,0.0,0.9306169213601568,-0.36599473449510667,0.0
0.035121678022444036,-0.36931344899062213,0.125447365247482,0.0,0.9323902155978859,-0.3614532969241363,0.0
0.04677688346869257,-0.36858092642246276,0.12400368258748203,0.0,0.9341998775007587,-0.3567500369692587,0.0
0.058782565763529644,-0.3674345379645616,0.12251490572748203,0.0,0.9360412170187047,-0.3518903807184024,0.0
0.07110735225521875,-0.36584074864907984,0.12098305366748204,0.0,0.9379094448590598,-0.3468802001327983,0.0
0.08371665513534299,-0.3637679227961882,0.11941026060748204,0.0,0.9397997018085686,-0.34172579721251,0.0
0.09657281391400718,-0.36118676578384673,0.11779876874748205,0.0,0.9417070878374134,-0.33643388758681575,0.0
0.10963528954313059,-0.3580707551660667,0.11615092108748204,0.0,0.9436266908159991,-0.33101158345237225,0.0
0.12286091051284295,-0.3543965536020057,0.11446915422748205,0.0,0.9455536146771287,-0.325466375791749,0.0
0.13620417002578064,-0.3501443959373619,0.11275599116748204,0.0,0.9474830068593006,-0.31980611581528345,0.0
0.14961757209020773,-0.34529844284738226,0.11101403410748206,0.0,0.9494100848711466,-0.31403899558010656,0.0
0.16305202310046926,-0.3398470937194494,0.10924595724748205,0.0,0.9513301618225007,-0.30817352775145135,0.0
0.17645726422995217,-0.3337832519280619,0.10745449958748206,0.0,0.9532386707742313,-0.30221852448282616,0.0
0.18978233878642461,-0.3271045363341851,0.10564245772748207,0.0,0.9551311877667601,-0.296183075403133,0.0
0.20297608761099326,-0.31981343371485965,0.10381267866748206,0.0,0.9570034533961054,-0.29007652471016754,0.0
0.21598766467682703,-0.3119173878803615,0.10196805260748207,0.0,0.9588513928162684,-0.2839084473810214,0.0
0.2287670642957423,-0.303428822440475,0.10011150574748207,0.0,0.9606711340578021,-0.27768862452051635,0.0
0.2412656507982701,-0.29436509550729056,0.09824599308748208,0.0,0.9624590245643665,-0.27142701787885487,0.0
0.25343668123831425,-0.28474838603240193,0.09637449122748208,0.0,0.9642116458619462,-0.26513374357896585,0.0
0.26523581160186027,-0.27460551293020385,0.09449999116748209,0.0,0.9659258262890681,-0.25881904510252146,0.0
0.27662157717722313,-0.26396768959213335,0.09262549110748206,0.0,0.9675986517307328,-0.25249326559112056,0.0
0.2875558381700942,-0.25287021780412505,0.0907539892474821,0.0,0.9692274743137596,-0.24616681952564318,0.0
0.2980041823095282,-0.24135212639702394,0.08888847658748213,0.0,0.9708099190367205,-0.23985016385217678,0.0
0.30793627707192284,-0.22945576114559454,0.08703192972748208,0.0,0.9723438883234906,-0.23355376862717353,0.0
0.3173261652221939,-0.21722633344879413,0.08518730366748209,0.0,0.9738275645055477,-0.22728808725754443,0.0
0.32615249860128104,-0.20471143614071274,0.08335752460748211,0.0,0.9752594102543851,-0.2210635264132666,0.0
0.3343987064380932,-0.19196053537370053,0.08154548274748212,0.0,0.976638167001608,-0.21489041569074033,0.0
0.3420530958896142,-0.17902444786642682,0.0797540250874821,0.0,0.977962851400372,-0.2087789771046261,0.0
0.3491088839707806,-0.16595481291225037,0.07798594822748212,0.0,0.979232749897606,-0.2027392944842531,0.0
0.3555641614814732,-0.15280356839841902,0.07624399116748215,0.0,0.9804474115018613,-0.1967812828479878,0.0
0.361421790928747,-0.13962243970383292,0.07453082810748213,0.0,0.9816066388464701,-0.1909146578252583,0.0
0.36668924173882567,-0.12646244973992632,0.0728490612474821,0.0,0.9827104776618851,-0.18514890519133398,0.0
0.3713783672207739,-0.11337345760009428,0.0712012135874821,0.0,0.9837592047844714,-0.17949325057456744,0.0
0.3755051287534477,-0.10040373231836472,0.06958972172748203,0.0,0.9847533148415154,-0.17395662938976264,0.0
0.3790892734975755,-0.08759956714219586,0.06801692866748217,0.0,0.9856935057637048,-0.16854765704469826,0.0
0.3821539725712091,-0.07500493853497497,0.06648507660748212,0.0,0.9865806632867021,-0.16327459945983955,0.0
0.38472542706250495,-0.06266121287970562,0.06499629974748214,0.0,0.9874158446125968,-0.15814534393396498,0.0
0.3868324494894426,-0.05060690259502159,0.0635526170874822,0.0,0.9882002614098868,-0.1531673703810028,0.0
0.38850602835911296,-0.038877472135062215,0.06215592522748213,0.0,0.9889352623371142,-0.14834772295597634,0.0
0.38977888334326627,-0.027505193159824186,0.06080799116748212,0.0,0.9896223152803094,-0.14369298208068415,0.0
0.3906850182906544,-0.016519047062554294,0.059510445107482185,0.0,0.9902629894978949,-0.13920923687274545,0.0
0.39125927886308476,-0.005944672051198408,0.058264773247482124,0.0,0.9908589378685942,-0.1349020579751152,0.0
0.39153692103656224,0.004195648877954396,0.057072310587482133,0.0,0.9914118794381541,-0.13077647077707413,0.0
0.3915531960783829,0.013882963449346548,0.055934233727482185,0.0,0.9919235824592149,-0.1268369290123235,0.0
0.3913429569227676,0.02310159403254221,0.05485155366748218,0.0,0.992395848115444,-0.12308728871507593,0.0
0.3909402901478164,0.03183905531247331,0.053825108607482075,0.0,0.9928304951159941,-0.11953078251115959,0.0
0.3903781770294686,0.04008595127462423,0.052855556747482185,0.0,0.9932293453394304,-0.11616999421798475,0.0
0.38968818643511094,0.04783585715794593,0.05194336908748215,0.0,0.9935942106974222,-0.1130068337250741,0.0
0.38890020163825056,0.055085191965540486,0.051088822227482206,0.0,0.9939268813776609,-0.11004251212543778,0.0
0.3880421824999306,0.06183308692513977,0.05029199116748209,0.0,0.9942291156126011,-0.10727751706758124,0.0
0.38713996388156147,0.06808125497173516,0.04955274210748223,0.0,0.9945026311056508,-0.10471158829822912,0.0
0.3862170906323388,0.07383386589878177,0.04887072524748226,0.0,0.9947490982293109,-0.10234369336687446,0.0
0.38529468903274355,0.07909743130857794,0.048245367587482074,0.0,0.9949701350904022,-0.10017200346497435,0.0
0.3843913741698852,0.08388070290412009,0.047675865727482086,0.0,0.9951673045358772,-0.09819386937480672,0.0
0.38352319236305077,0.0881945870212579,0.04716117866748212,0.0,0.9953421131486848,-0.09640579750570312,0.0
0.38270359743782534,0.09205207761905498,0.0467000206074821,0.0,0.9954960122567093,-0.09480342599816673,0.0
0.3819434593510448,0.09546820924522861,0.04629085374748218,0.0,0.9956304009488147,-0.09338150087946956,0.0
0.381251103381198,0.09846003078937393,0.045931881087482224,0.0,0.9957466310604665,-0.09213385225708957,0.0
0.3806323778031063,0.10104660014608907,0.045621039227481924,0.0,0.9958460140571422,-0.09105337053894343,0.0
0.3800907476448833,0.10324899924879902,0.045355991167482096,0.0,0.9959298297067459,-0.09013198267148055,0.0
0.3796274117627553,0.10509036831843785,0.045134119107482135,0.0,0.9959993363924032,-0.08936062838796686,0.0
0.37924144005009014,0.10659595761281015,0.04495251724748209,0.0,0.9960557828742581,-0.08872923645985438,0.0
0.378929927107455,0.10779319447521411,0.04480798458748217,0.0,0.9961004212631512,-0.08822670094349368,0.0
0.37868815812988954,0.10871176307477834,0.04469701772748211,0.0,0.9961345209202443,-0.08784085741268233,0.0
0.37850978210788006,0.10938369391356345,0.04461580366748211,0.0,0.9961593829447023,-0.08755845916431997,0.0
0.37838698668528714,0.10984345994997666,0.04456021260748219,0.0,0.9961763548563395,-0.08736515338014518,0.0
0.3783106681695519,0.11012807605310136,0.04452579074748217,0.0,0.9961868450216728,-0.08724545722136912,0.0
0.37827058924954693,0.11027719844921977,0.04450775308748209,0.0,0.9961923363099181,-0.0871827338260675,0.0
0.37825551595016005,0.11033322083386557,0.04450097622748214,0.0,0.9961943984001317,-0.08715916817065046,0.0
0.3782533242493023,0.11034136387249434,0.04449999116748213,0.0,0.9961946980917452,-0.08715574274766162,0.0
