0.2618013787553066,-2.0071302025504933,-1.5707948531663591,0.17452802811885795,0.2617956005763105,1.134489595975092,-2.0071263413486475
0.261808244383492,-2.007121903175218,-1.5707965012783716,0.17452912632289855,0.2617973316035414,1.1344906214824388,-2.007113790669812
0.26185547744802457,-2.0070648064212184,-1.5708078396985616,0.17453668159144117,0.2618092404234444,1.134497676524605,-2.0070274463932187
0.26198119565065653,-2.0069128351243095,-1.5708380181352506,0.17455679117901843,0.26184093679148185,1.1345164545385564,-2.006797627222584
0.26222110825895145,-2.0066228260166703,-1.570895606107325,0.17459516733755848,0.2619014200559535,1.1345522886160602,-2.006359052907207
0.2626085666342266,-2.006154471826711,-1.5709886025485973,0.17465714567727,0.2619990879683809,1.1346101583318962,-2.0056507497748823
0.2631746148381595,-2.0054702641700928,-1.571124444727223,0.17474769363518664,0.2621417443805154,1.134694696271063,-2.0046159553958867
0.2639480402934029,-2.0045354370255275,-1.5713100166761944,0.1748714190079488,0.2623366061585841,1.1348101943936957,-2.00320202268497
0.26495542446598963,-2.0033179105682155,-1.5715516573410775,0.175032578520818,0.2625903096297625,1.1349606102845013,-2.0013603236545126
0.2662211935397508,-2.001788235169424,-1.571855168624744,0.1752350864074345,0.26290891684081413,1.1351495733292774,-1.999046153025307
0.2677676690550061,-1.999919535389056,-1.5722258234926576,0.17548252297561542,0.26329792187746665,1.135380390860635,-1.9962186318675836
0.26961511848584574,-1.9976874538154847,-1.5726683742801424,0.17577814313886075,0.2637622574630517,1.135656054301649,-1.9928406114332988
0.27178180573332733,-1.9950700946223343,-1.573187061327337,0.17612488489406894,0.2643063020259513,1.1359792453377235,-1.9888785773088105
0.2742840415148994,-1.99204796673673,-1.5737856220456279,0.1765253777306532,0.26493388739776313,1.1363523421348511,-1.9843025540084511
0.27713623363433487,-1.9886039265265958,-1.5744673005036913,0.17698195095736494,0.26564830727724725,1.1367774256253136,-1.979086010100443
0.2803509371203667,-1.984723119934842,-1.5752348576009145,0.17749664193725662,0.2664523265695201,1.1372562858741886,-1.973205763945798
0.28393890422669865,-1.9803929240012725,-1.5760905818795,0.17807120422335235,0.26734819168554746,1.1377904285408549,-1.9666418901094047
0.28790913429057885,-1.975602887728561,-1.577036301008451,0.17870711559074973,0.2683376418634994,1.1383810814467075,-1.9593776264886789
0.29226892345158134,-1.9703446722610907,-1.5780733939564167,0.17940558596367143,0.2694219215514212,1.1390292012598648,-1.951399282189143
0.29702391423671065,-1.964611990357214,-1.5792028038548702,0.18016756523840755,0.27060179386986916,1.139735480307571,-1.942696146161866
0.30217814502200385,-1.9584005451466622,-1.5804250515384344,0.18099375100570098,0.27187755515367845,1.140500353526316,-1.933260396605237
0.3077340993845034,-1.951707968174423,-1.5817402497362296,0.18188459617828281,0.27324905055402865,1.141324005560231,-1.9230870111209373
0.3136927553616483,-1.944533756741251,-1.5831481178765607,0.18284031653116825,0.2747156906654895,1.1422063780185792,-1.9121736776028286
0.32005363463770575,-1.9368792105594046,-1.5846479974570045,0.1838608981640785,0.2762764691278265,1.1431471769028942,-1.900520705828271
0.3268148516787733,-1.928747367748539,-1.5862388679242527,0.18494610489648022,0.27792998113929857,1.1441458802154352,-1.888130939711328
0.333973162839085,-1.9201429402041055,-1.587919363000923,0.1860954856069567,0.2796744428063832,1.1452017457594221,-1.8750096701710222
0.34152401546193006,-1.9110722483749845,-1.5896877873926327,0.18730838152895543,0.281507711245335,1.1463138191427549,-1.861164548559362
0.3494615969983251,-1.9015431554932563,-1.5915421338048967,0.1885839335155954,0.28342730534265936,1.1474809419948682,-1.8466055005902526
0.35777888416589476,-1.8915650013020817,-1.5934801001988583,0.18992108928590293,0.2854304270754486,1.1487017604069667,-1.831344640704161
0.3664676921691535,-1.8811485353322908,-1.595499107214496,0.19131861066477612,0.28751398328739003,1.1499747336036934,-1.8153961868008903
0.37551872400066605,-1.8703058497807517,-1.597596315692005,0.1927750808283227,0.2896746078136119,1.1512981428531943,-1.7987763752701715
0.3849216198405732,-1.859050312046399,-1.5997686442247245,0.1942889115654265,0.2919086838454283,1.152670100620714,-1.7815033762475243
0.39466500656960546,-1.847396496982158,-1.6020127866807812,0.19585835056562118,0.29421236642623283,1.1540885599679431,-1.7635972090233007
0.4047365474083614,-1.8353601189221798,-1.6043252296355779,0.19748148874201862,0.29658160497070163,1.1555513241986013,-1.7450796575313514
0.41512299169303957,-1.8229579635457227,-1.6067022696622857,0.19915626759714494,0.29901216570194206,1.1570560567468884,-1.7259741858458695
0.42581022479539143,-1.8102078196397549,-1.6091400304333405,0.20088048663818422,0.3014996539046601,1.1586002913024804,-1.7063058536158766
0.4367833181922459,-1.7971284108227241,-1.6116344795921338,0.202651810846876,0.3040395358968467,1.1601814421626448,-1.6861012313682904
0.4480265796877204,-1.783739327292966,-1.6141814453596945,0.20446777820825182,0.3066271606277853,1.161796814797436,-1.6653883156143117
0.45952360378913737,-1.7700609576644497,-1.616776632847651,0.20632580730105565,0.30925778081622735,1.1634436166111781,-1.644196443695451
0.4712573222358086,-1.7561144209531603,-1.6194156400539395,0.20822320495181845,0.3119265735491334,1.1651189678784817,-1.6225562083102258
0.4832100546781757,-1.7419214987762761,-1.6220939735234927,0.21015717395335687,0.31462866026843195,1.166819912830073,-1.6004993716650948
0.4953635595033216,-1.727504567825758,-1.6248070636609055,0.2121248208477241,0.3173591260808475,1.1685434308594114,-1.5780587791979248
0.507699084801581,-1.7128865326770997,-1.6275502796863182,0.21412316377284973,0.3201130383333207,1.1702864478173272,-1.5552682728264615
0.5201974194678627,-1.6980907589921064,-1.6303189442298545,0.216149140371334,0.32288546440452176,1.1720458473590831,-1.5321626036778964
0.5328389444302641,-1.6831410071734543,-1.6331083475627806,0.21819961575950378,0.3256714886707691,1.1738184823043547,-1.5087773442611332
0.5456036839976466,-1.668061366526412,-1.6359137614662687,0.22027139055430361,0.3284662286125443,1.175601185968365,-1.4851488000472575
0.5584713573169777,-1.6528761899809412,-1.6387304527403856,0.22236120895528708,0.3312648500354049,1.1773907834198962,-1.4613139204283887
0.5714214299303575,-1.6376100294246123,-1.6415536963571893,0.22446576687882658,0.3340625813867589,1.1791841026200505,-1.43731020902989
0.5844331654207497,-1.6222875716940213,-1.6443787882621888,0.2265817201415311,0.3368547271570643,1.1809779853940257,-1.413175633355624
0.5974856771344895,-1.6069335752686265,-1.6472010578286285,0.22870569268981247,0.33963668036115785,1.1827692981878022,-1.3889485337502476
0.6105579799675979,-1.5915728077075448,-1.650015879968212,0.23083428487261468,0.34240393410183073,1.184554942561101,-1.3646675316672616
0.6236290422017842,-1.5762299838654956,-1.6528186869009536,0.2329640817544096,0.3451520922241831,1.1863318653686015,-1.3403714372360631
0.6366778373747692,-1.5609297049197441,-1.6556049795852548,0.23509166146574598,0.34787687907506054,1.1880970685824126,-1.3160991561256763
0.6496833961682343,-1.5456963982349046,-1.6583703388075388,0.23721360358876836,0.3505741483872456,1.1898476187107845,-1.2918895957068683
0.6626248582952599,-1.530554258087346,-1.661110435928672,0.23932649757536228,0.3532398913132744,1.1915806557702875,-1.2677815705191142
0.6754815243676047,-1.5155271872654352,-1.6638210432821552,0.24142695119586044,0.3558702436381628,1.1932934017718382,-1.2438137070527353
0.688230250657488,-1.5006423991806965,-1.6665012313339223,0.24352041748668438,0.35850771924491825,1.1949542239357593,-1.2199818396564464
0.7008563763878259,-1.485916060437097,-1.6691404600868534,0.24558527511562936,0.36105538308398066,1.1966217871283968,-1.1964085196544152
0.713337086216205,-1.4713741916918799,-1.671738220919992,0.24762772503020897,0.3635569894435405,1.1982612137182325,-1.1730891808782058
0.7256528417339532,-1.4570389620189241,-1.6742907871393817,0.2496445335870145,0.366009310512104,1.1998701259584403,-1.1500607330636181
0.737784523665345,-1.442931970204321,-1.6767945794937413,0.2516325281336691,0.3684092883748352,1.2014462620692143,-1.1273594119030947
0.7497134831279579,-1.4290741916028542,-1.6792461742671196,0.2535886055996464,0.37075403811775715,1.2029874812717958,-1.1050206801586628
0.7614215927014105,-1.4154859258017018,-1.6816423109432292,0.25550974110720825,0.3730408504143494,1.20449176819921,-1.0830791282758532
0.7728912972784414,-1.402186745052595,-1.683979899429683,0.25739299660142384,0.37526719364949074,1.2059572366893478,-1.0615683745393445
0.7841056646734558,-1.389195443425998,-1.6862560268328335,0.2592355294980522,0.37743071563782776,1.2073821329740193,-1.0405209648140654
0.7950484359655168,-1.376529986633573,-1.6884679637772209,0.26103460134802337,0.37952924499564106,1.2087648382851544,-1.0199682719188627
0.8057040755554388,-1.364207462457957,-1.6906131702681109,0.26278758651701895,0.3815607922270866,1.2101038709071026,-0.9999403946828223
0.8160578209200555,-1.3522440317217541,-1.6926893011012112,0.26449198087847214,0.38352355058725607,1.2113978877119629,-0.9804660567368267
0.8260957320511403,-1.3406548797209876,-1.6946942108302654,0.26614541051800633,0.38541589678610927,1.2126456852221874,-0.9615725050958597
0.8358047405714921,-1.3294541680421659,-1.6966259583107561,0.267745640447101,0.38723639159843065,1.213846200251959,-0.9432854085897062
0.8451726985266553,-1.3186549866762425,-1.6984828108464707,0.2692905833233947,0.3889837804459187,1.2149985101858582,-0.9256287562013217
0.8541884268572795,-1.3082693063381046,-1.700263247974607,0.2707783081748265,0.3906569940183159,1.2161018329590256,-0.9086247553743545
0.8628417635641954,-1.298307930895745,-1.701965964934833,0.27220704912444554,0.39225514900084885,1.2171555268089602,-0.8922937303520495
0.8711236115857749,-1.2887804498103406,-1.7035898758771948,0.27357521411242447,0.3937775489749718,1.2181590898734702,-0.8766540206103818
0.879025986414689,-1.279695190486006,-1.7051341168734826,0.2748813936116492,0.3952236855593615,1.2191121597129093,-0.8617218794489773
0.8865420634887241,-1.2710591704269916,-1.7065980488057169,0.2761243693328769,0.3965932398567813,1.2200145128377127,-0.8475113728023357
0.8936662253973716,-1.2628780491002618,-1.7079812602135966,0.2773031229154526,0.3978860842710758,1.220866064323403,-0.8340342783332453
0.9003941089524483,-1.2551560794026329,-1.7092835701899387,0.27841684459933363,0.39910228475656895,1.221666867595649,-0.8212999848685755
0.9067226521764457,-1.2478960586346644,-1.7105050314184416,0.27946494187426346,0.40024210355934425,1.2224171144665728,-0.8093153922355076
0.9126501412667521,-1.2410992788871242,-1.7116459334520422,0.2804470481017404,0.4013060025063872,1.223117135501873,-0.7980848115522057
0.9181762575965229,-1.2347654767523577,-1.7127068063309479,0.28136303110595073,0.40229464689480576,1.2237674007929986,-0.787609866025139
0.9233021248143998,-1.228892782278623,-1.7136884246391488,0.2822130017294707,0.4032089100279601,1.2243685212056676,-0.7778893922977701
0.9280303561043702,-1.223477667095376,-1.7145918120936665,0.2829973223504361,0.40404987844023055,1.2249212501671094,-0.7689193423930186
0.9323651016645241,-1.2185148916465236,-1.7154182467548926,0.2837166153578924,0.40481885784539107,1.225426486048089,-0.7606926862838742
0.9363120964589574,-1.2139974514803198,-1.7161692669369615,0.28437177158254495,0.40551737983602015,1.2258852751864668,-0.7531993151194324
0.9398787082904844,-1.209916522557588,-1.7168466778850637,0.28496395868087276,0.40614720935366583,1.2262988155880201,-0.7464259451270893
0.9430739862335067,-1.2062614055543748,-1.7174525592719183,0.2854946294711319,0.4067103529396309,1.2266684613291141,-0.740356022201889
0.945908709456734,-1.203019469150212,-1.717989273549081,0.28596553022043564,0.4072090677665433,1.226995727673577,-0.7349696271845653
0.9483954364539566,-1.200176092310992,-1.7184594751692106,0.2863787088832207,0.4076458714393042,1.2272822969017094,-0.7302433818199913
0.9505485546892584,-1.197714605593026,-1.71886612067521,0.2867365232918921,0.4080235525416359,1.2275300248360022,-0.7261503553753273
0.9523843306500054,-1.1956162315146264,-1.7192124796299264,0.28704164930174086,0.4083451818909236,1.2277409480326655,-0.722659971885058
0.9539209602878066,-1.1938600240631723,-1.719502146336619,0.287297088893416,0.40861412444939504,1.227917291591039,-0.7197379179782959
0.9551786198149945,-1.1924228074257752,-1.7197390522779894,0.2875061782367111,0.4088340518230353,1.2280614775196275,-0.7173460512255967
0.9561795168109439,-1.1912791140576595,-1.7199274791761054,0.2876725957217048,0.4090089552630659,1.2281761335761852,-0.7154423089328052
0.9569479415815082,-1.1904011222228548,-1.7200720725541554,0.28780036996305786,0.40914315906449006,1.2282641024883254,-0.7139806172847657
0.9575103187028818,-1.1897585931718857,-1.7201778556549607,0.2878938877863387,0.4092413342375751,1.2283284514363748,-0.7129108007336981
0.9578952586720683,-1.1893188081436137,-1.7202502435505973,0.28795790220504497,0.4093085123045738,1.2283724816689834,-0.7121784914993476
0.9581336095764748,-1.1890465054098378,-1.7202950572529017,0.28799754039980485,0.40935009905198816,1.2283997380983116,-0.7117250390353808
0.9582585086879869,-1.188903817606143,-1.7203185376147705,0.28801831171109893,0.40937188804175034,1.2284140187098571,-0.7114874192863668
0.9583054338783161,-1.1888502096290823,-1.7203273587862844,0.2880261156608579,0.40938007366082924,1.2284193835930781,-0.7113981435499503
0.9583122547466403,-1.1888424174053975,-1.7203286409707508,0.2880272500173794,0.4093812634582685,1.2284201633900225,-0.7113851667203834
