0.006003141403198242
0.00925898551940918
0.02239513397216797
0.016349077224731445
0.0010271072387695312
0.011505842208862305
0.011069059371948242
0.01572108268737793
0.010165929794311523
0.01572275161743164
0.011599540710449219
0.020040512084960938
0.010038137435913086
0.011505603790283203
0.020152568817138672
0.007004261016845703
0.01286625862121582
0.016010046005249023
0.027067899703979492
0.025464773178100586
0.013730049133300781
0.013962268829345703
0.016537189483642578
0.009011268615722656
0.015707969665527344
0.014026165008544922
0.010008811950683594
0.01567387580871582
0.02613234519958496
0.002504110336303711
0.011589288711547852
0.01600480079650879
0.010009288787841797
0.011158227920532227
0.01609325408935547
0.01003575325012207
0.015700817108154297
0.004503488540649414
0.0157015323638916
0.015558719635009766
0.010008573532104492
0.017497777938842773
0.015005111694335938
0.011060476303100586
0.010002374649047852
0.017568111419677734
0.015556097030639648
0.01351308822631836
0.015712261199951172
0.011506080627441406
0.010010004043579102
0.01562356948852539
0.01459050178527832
0.010002374649047852
0.0144805908203125
0.021091222763061523
0.016005277633666992
0.0050046443939208984
0.025695085525512695
0.008597612380981445
0.01571369171142578
0.013010501861572266
0.011590719223022461
0.016005277633666992
0.005004167556762695
0.015636920928955078
0.013653993606567383
0.015624046325683594
0.016008615493774414
0.005506277084350586
0.011055469512939453
0.01608562469482422
0.025717496871948242
0.005589485168457031
0.015624046325683594
0.017033815383911133
0.006002187728881836
0.011505842208862305
0.012538909912109375
0.015054941177368164
0.0
0.010041475296020508
0.011017084121704102
0.015763521194458008
0.011506080627441406
0.016004562377929688
0.006002187728881836
0.015686750411987305
0.020066022872924805
0.011595487594604492
0.020145654678344727
0.025643348693847656
0.01600480079650879
0.015623331069946289
0.0
0.011591672897338867
0.016054153442382812
0.010011672973632812
0.020055294036865234
0.015697956085205078
0.009018659591674805
