0.0,0.0,2.615733537493484e-10
3.3746830460324466e-06,1.0016752088211023e-05,6.247530948056938e-10
2.6591229024070592e-05,7.892817029545402e-05,1.4309501361838266e-08
8.838510224008634e-05,0.0002623444407619882,1.459168520653348e-07
0.00020630615689768396,0.0006123551954056169,7.810482355628044e-07
0.00039674163933997814,0.001177596351257421,2.8707210133054572e-06
0.0006749387495481717,0.002003315290823688,8.28552167120442e-06
0.0010550268579604858,0.0031314347857700087,2.0216580063671186e-05
0.0015500394471154677,0.004600615975838034,4.360278112810506e-05
0.0021719358241340772,0.006446320633813156,8.556584820968002e-05
0.002931622630788424,0.008700872878769804,0.00015583704353722033
0.0038389751635880326,0.011393520445726757,0.00026716124280643893
0.004902858507272946,0.014550495581132718,0.00043566605654842244
0.0061311484813437525,0.018195075610282375,0.0006811854938397027
0.005349030719807981,0.005872409730759266,8.312124582081637e-05
0.0053739273525912215,0.00865370001383229,0.00016411720057001746
0.0059156012084688875,0.013106798133971892,0.00036104253276434084
0.006993098950085206,0.018509559907623027,0.000709703188774667
0.011164347296806989,0.007467015714821393,0.0001736117748128597
0.011098377310029071,0.011157156262728375,0.000310400515518081
0.011558311961232606,0.01751993146479366,0.0006806194438244705
0.016749024373337945,0.007545023184579399,0.00025388695973399214
0.01669490543895565,0.012426314620530093,0.0004480209223979932
0.01717490582946438,0.02057364092145475,0.0009939488523607505
0.023179080674049647,0.008996381123764267,0.0004302301734150808
0.02315342988124664,0.015230980233388336,0.0007317814402505628
0.028086181739779333,0.00703616634152936,0.0004932042790973027
0.02810666475050152,0.014451542261012636,0.0008124831670180353
0.03288770904198429,0.007589022537654321,0.000655742703267445
0.03502041711291944,0.0035199696452555764,0.0006378564565445138
0.03666297576670299,0.004330016061081278,0.0007094196847720271
0.03864702064121611,0.004711774322398325,0.000791019958189708
0.04067776999489647,0.004815536910060825,0.0008735359387399727
0.04270658251487733,0.00491263029308751,0.0009600054602680892
0.04165580466046785,0.005814033816611767,0.0009351246042411366
0.04142348964987324,0.00577236758783449,0.0009245485751497508
0.040834282739310786,0.005733628449147965,0.0008994296410841947
0.0403082351413579,0.005567669356361448,0.0008743306309284118
0.04292114334665379,0.006131560407035495,0.00099606680572417
0.041759206008206894,0.0038805010847281006,0.0009018722958346457
0.04143804981403225,0.005423692692092815,0.0009172437794909383
0.042099846284378434,0.005248749849004187,0.0009411769555809627
0.042477660262384836,0.005266337410362585,0.0009575194205680504
0.042832254118819815,0.005250038604896776,0.0009722917052070899
0.04321837903585535,0.005232752984799258,0.0009885294967740624
0.0418902054325788,0.0038367414225939003,0.0009066771283473528
0.04228212697142175,0.0051554113236263474,0.0009468345807751868
0.043297727948529256,0.005045537364001985,0.0009880657628793413
0.04221384671689035,0.004005354853610437,0.0009229411130323282
0.04269097871887343,0.005076345643447756,0.000962553544269602
0.041901075676697,0.004074712817932517,0.0009109193743232066
0.04243505471087531,0.004973641600997256,0.0009495779747969724
0.043540487341387366,0.004874367346978433,0.0009951559487117497
0.04242153721310558,0.004182820531376564,0.0009346611995410839
0.04285924354359946,0.004967888356590353,0.0009675212554929126
0.04192723453698899,0.004207789889741986,0.0009142492202213987
0.042335650969205135,0.0048880666977130635,0.0009436284290095471
0.04333178478321771,0.004680010301626145,0.0009827954793516658
0.04201119009480195,0.004242960890832007,0.0009187700273627479
0.04218560805112326,0.004872646332696536,0.0009375353720830208
0.04303294272755569,0.004580471609133931,0.0009680467910819383
0.04354147775593446,0.00459782013837547,0.0009903788864143448
0.0418534378344291,0.004288894445389015,0.0009128972286044859
0.041557460365983526,0.004978918711268559,0.0009133464095510117
0.042162183832524375,0.004430996541741637,0.0009282594572875282
0.042376763982940976,0.004410970523171869,0.0009369730311822735
0.042440092390604936,0.004406958473448556,0.0009395887202351086
0.04237137873934775,0.004392789406688473,0.000936425749597685
0.042178248972911885,0.004368150745756682,0.000927829130299942
0.04186763000530294,0.0043336529137206784,0.0009141746515511947
0.041446131832863047,0.004289933885879543,0.0008958608014228911
0.0426948222604922,0.005921727618106289,0.000981675653591997
0.04444630951318164,0.0024303224896505046,0.0009995626768003337
0.04203055905590201,0.004690385317172459,0.0009274847023339713
0.04305581171203698,0.005612436030461132,0.0009900053246550977
0.04427976863029808,0.0016692852348611687,0.0009859390326312932
0.043774346572587976,0.004143600754043603,0.0009925601484591664
0.04388802084645108,0.000984079601563615,0.0009650144033838168
0.04274177680456596,0.004874251665044964,0.0009610998799845292
0.04314489698496333,0.0007095829616109061,0.0009317330569470466
0.04200520310402781,0.004913265566536582,0.000930648636433762
0.04230401140191414,0.0007785144532348416,0.0008960158102869489
0.042971941139333295,0.006100014672401355,0.0009977918644286602
0.04261230279843755,0.00541250691979381,0.0009665868719486156
0.042285754117819305,0.0021207400647525387,0.0009030959438319551
0.04280407852382017,0.005476566140570151,0.0009762079821195739
0.042065054541827594,0.00492582108804922,0.000933363233760256
0.04109265809342716,0.0025757348710365928,0.0008576346027283909
0.04145288168342498,0.004328676154336635,0.0008967583098549778
0.041780730171376027,0.006703250339582311,0.0009628370240317738
0.040822436805513264,0.004721792628497771,0.0008779266786518638
0.04102028868420145,0.005911198244345235,0.0009113472008955777
0.04118807507071465,0.007129773443244316,0.0009500511984973245
0.04132531994893932,0.008187844631707648,0.0009881470553187027
0.0408901672729356,0.000648361526553694,0.0008368509453626707
0.04096632643478553,0.0005317365065898042,0.0008397046158410465
0.04101905708471065,0.0008722714753571958,0.0008428304919837911
0.04105195099425723,0.0011357748407504063,0.0008452435468349936
0.04106926204374458,0.0012800082360406694,0.0008466538276237458
0.04107577905308735,0.0013349068854325884,0.0008472095861087426
0.04107672693921962,0.0013429139953215585,0.0008472915470258712
