0.010035991668701172
0.012937307357788086
0.00793147087097168
0.02026057243347168
0.00641632080078125
0.0056607723236083984
0.015729427337646484
0.016139984130859375
0.010036706924438477
0.009157180786132812
0.004036664962768555
0.0055391788482666016
0.010103225708007812
0.0
0.004583835601806641
0.0
0.006504058837890625
0.011505842208862305
0.011632442474365234
0.010897397994995117
0.016689538955688477
0.010002851486206055
0.017214536666870117
0.01306295394897461
0.010069847106933594
0.012494802474975586
0.016076087951660156
0.025689363479614258
0.01205134391784668
0.012670040130615234
0.006110668182373047
0.025783061981201172
0.014574766159057617
0.015570402145385742
0.010071754455566406
0.015740394592285156
0.02580404281616211
0.017169475555419922
0.00900578498840332
0.006011486053466797
0.015749454498291016
0.010120153427124023
0.01051473617553711
0.015726804733276367
0.011507272720336914
0.016037464141845703
0.010108470916748047
0.005769014358520508
0.015859365463256836
0.009045124053955078
0.007214069366455078
0.01004171371459961
0.01611018180847168
0.0100555419921875
0.005506753921508789
0.015721797943115234
0.010574817657470703
0.015571117401123047
0.010127067565917969
0.015970706939697266
0.005539894104003906
0.015623092651367188
0.01578545570373535
0.01318216323852539
0.002036571502685547
0.01573324203491211
0.02575063705444336
0.015742778778076172
0.007004499435424805
0.016157865524291992
0.01153421401977539
0.010001659393310547
0.0157010555267334
0.015750885009765625
0.01604485511779785
0.010115385055541992
0.015735626220703125
0.01265573501586914
0.011004447937011719
0.015623331069946289
0.010009288787841797
0.015704631805419922
0.009082317352294922
0.010028600692749023
0.01600503921508789
0.01558542251586914
0.01571035385131836
0.006570339202880859
0.0060024261474609375
0.015697956085205078
0.010590791702270508
0.010056734085083008
0.006002187728881836
0.015556097030639648
0.015682458877563477
0.007505655288696289
0.010001659393310547
0.016005516052246094
0.004503726959228516
0.015708446502685547
0.01607656478881836
