0.06876367651427948,-0.4430848084350143,0.24030889270309969,0.588822767945471,0.11738392638754516,0.7601622175799279,0.2483186757753909
0.0687664211965366,-0.44308407842802416,0.24030747923058424,0.5888193860505161,0.117387020426543,0.7601614461107676,0.24832759390220488
0.06878530363416177,-0.4430790555445441,0.2402977552388902,0.5887961170317906,0.117408305838828,0.7601561377132077,0.24838894618175172
0.06883556221610604,-0.44306568043459565,0.24027187497509167,0.5887341592918066,0.11746495615057981,0.7601420003093219,0.24855223419888003
0.06893147254601883,-0.44304013235159523,0.2402224934475469,0.5886158278814722,0.11757304725868832,0.7601149880349087,0.2488637994775571
0.0690863676515175,-0.442998806096443,0.24014276102963192,0.5884244591364955,0.11774756773971003,0.7600712708814219,0.2493668569838528
0.06931265818880479,-0.44293828461177165,0.24002631932517102,0.5881442980496957,0.11800242604125756,0.7600071983409387,0.2501015205670794
0.06962185258318615,-0.4428553086485822,0.23986729795788758,0.587760374142469,0.11835045542486043,0.7599192591052686,0.2511048225931409
0.07002457703101478,-0.4427467447804237,0.2396603120081056,0.5872583710484189,0.11880341738540941,0.7598040386991072,0.25241072962065464
0.0705305952764,-0.4426095529009869,0.23940045987512573,0.5866244944884328,0.11937200414792207,0.7596581767527109,0.2540501556477507
0.07114882806812904,-0.44244075420912254,0.2390833213914513,0.5858453428106566,0.12006584072865747,0.7594783254505774,0.2560509741593886
0.07188737219959328,-0.4422374005607165,0.23870495605428826,0.584907783780424,0.12089348695404592,0.7592611105256815,0.25843802995780984
0.07275351903751956,-0.4419965459492919,0.23826190126998403,0.5837988408336711,0.1218624397574837,0.7590030960030028,0.2612331515628758
0.07375377245401901,-0.44171522076652625,0.2377511705283434,0.5825055915537009,0.12297913601922703,0.7587007537314971,0.2644551648198531
0.07489386609061785,-0.44139040938979796,0.23717025143639292,0.5810150806916664,0.12424895618032342,0.7583504385795939,0.2681199082557921
0.07617877990199327,-0.4410190315461243,0.2365171035459695,0.5793142496292947,0.12567622884286564,0.7579483700068956,0.2722402506687301
0.07761275595039595,-0.4405979278100483,0.2357901559073824,0.5773898837750456,0.12726423656625258,0.757490620563797,0.2768261114189227
0.07919931344833891,-0.4401238495067804,0.23498830427352482,0.5752285789937336,0.12901522307829372,0.7569731117121933,0.28188448390726933
0.08094126307613796,-0.4395934532106799,0.2341109078665124,0.5728167277937036,0.1309304021385892,0.7563916172047532,0.28741946276812785
0.08284072063128364,-0.43900329995254134,0.2331577856035058,0.5701405256349854,0.13300996831617487,0.7557417741081411,0.2934322753636214
0.0848991200974194,-0.4383498591765986,0.2321292116612663,0.5671859973758525,0.1352531099710493,0.7550191014075868,0.2999213182379647
0.0871172262508487,-0.43762951741922185,0.23102591024158775,0.5639390435447322,0.1376580247558795,0.7542190259874018,0.30688219926345867
0.08949514695105609,-0.4368385916156108,0.22984904938329678,0.5603855058082562,0.14022193797781046,0.753336915644816,0.31430778628046646
0.09203234528773933,-0.43597334687800293,0.22860023365237694,0.5565112507057872,0.1429411241772322,0.7523681186640888,0.322188263092697
0.09472765177950039,-0.4350300185289183,0.227281495530946,0.5523022704361966,0.14581093228834466,0.7513080093550687,0.3305111937214079
0.09757927683782877,-0.43400483811560997,0.22589528531940606,0.5477447992151178,0.14882581474325338,0.7501520388463923,0.3392615958422024
0.10058482372369595,-0.4328940630773623,0.2244444593648176,0.5428254434715533,0.15197936086556052,0.7488957903194947,0.34842202432186553
0.10374130223240807,-0.4316940096857275,0.22293226643313346,0.5375313239242862,0.15526433486920138,0.7475350377771086,0.35797266573497677
0.10704514334490337,-0.4304010888296778,0.22136233205376848,0.5318502273719963,0.15867271873395206,0.7460658073599984,0.3678914446711228
0.11049221508016933,-0.4290118441734454,0.21973864068232213,0.5257707658506344,0.1621957601692613,0.7444844401603212,0.37815414253862906
0.11407783977372299,-0.42752299217517975,0.218065515551136,0.5192825406584319,0.16582402580473005,0.7427876554300841,0.3887345294335386
0.11779681299117695,-0.4259314634201889,0.21634759610754276,0.5123763086282835,0.16954745965822604,0.740972613050765,0.39960450946982257
0.12164342426395042,-0.42423444469420746,0.21458981297574717,0.5050441479399066,0.1733554468343562,0.7390369741159597,0.4107342797649606
0.12561147980650447,-0.42242942120067073,0.2127973604196229,0.4972796207155099,0.17723688229761064,0.7369789584845803,0.42209250304340235
0.1296943273415399,-0.42051421831208424,0.21097566632952514,0.4890779296334736,0.18118024444962272,0.7347973981880144,0.43364649356674667
0.13388488312201724,-0.4184870422400144,0.2091303598054812,0.4804360658285187,0.1851736731208343,0.7324917856216229,0.44536241582670627
0.13817566119737534,-0.41634651901151526,0.20726723646072245,0.4713529454248407,0.1892050514671876,0.7300623155188123,0.4572054951528212
0.1425588049268129,-0.41409173115244063,0.20539222162217527,0.4618295321724023,0.193262091145353,0.7275099197945372,0.4691402390971074
0.14702612069591053,-0.4117222515002643,0.20351133165692561,0.45186894382517157,0.19733242002947426,0.7248362944532786,0.4811306681712102
0.15156911374526302,-0.4092381736008439,0.2016306337044105,0.4414765401133475,0.20140367163161912,0.722043917883099,0.493140554234668
0.1561790259722566,-0.40664013818475564,0.19975620414180267,0.430659990417193,0.20546357530061082,0.7191360600002573,0.5051336645739022
0.16084687552077878,-0.4039293552690179,0.19789408615340887,0.41942931954430823,0.20950004620300872,0.7161167818654236,0.5170740094785709
0.16556349792961686,-0.4011076214884614,0.19605024681263916,0.4077969303414787,0.21350127403807725,0.7129909255600146,0.528926090921273
0.17031958856965218,-0.3981773323268287,0.19423053411611074,0.395777602230138,0.21745580940835244,0.7097640942858877,0.5406551497859373
0.17510574606370755,-0.39514148898965507,0.19244063443275933,0.38338846513544567,0.22135264676013566,0.7064426228300345,0.5522274089742301
0.17991251635197145,-0.3920036997378408,0.19068603084569252,0.37064894867459924,0.2251813028253455,0.7030335387137816,0.5636103096536401
0.18473043704108932,-0.38876817558096666,0.18897196287037155,0.3575807068731594,0.2289318895376178,0.6995445145193531,0.5747727378979541
0.18955008165692117,-0.3854397203112704,0.18730338802927132,0.3442075190794612,0.23259518046116873,0.6959838120511994,0.5856852390133112
0.19436210341010296,-0.38202371494104037,0.1856849457503698,0.3305551681384186,0.23616266985943013,0.6923602191412863,0.5963202169409296
0.19915727808019743,-0.3785260966862919,0.1841209240348693,0.31665129725805363,0.2396266236399707,0.6886829800428024,0.606652116280051
0.20392654562850474,-0.3749533327162812,0.18261522930887436,0.30252524734621433,0.24298012154029616,0.6849617204719518,0.6166575846792761
0.20866105016142322,-0.37131238896006064,0.18117135983503113,0.2882078769043209,0.24621709006228226,0.6812063684501874,0.626315613596271
0.2133521778853704,-0.3676106943264195,0.17979238301420888,0.27373136683050653,0.2493323258182022,0.6774270721664543,0.6356076557210226
0.21799159272022406,-0.3638561007508978,0.17848091685524603,0.2591290127023782,0.25232150911390755,0.6736341161199655,0.6445177176879188
0.22257126927045345,-0.36005683953198614,0.17723911583374025,0.24443500727313575,0.2551812077610365,0.6698378368171624,0.6530324270609429
0.22708352289083603,-0.3562214744573309,0.176068661300114,0.22968421602152528,0.25790887127552786,0.6660485392822268,0.6611410729549123
0.23152103662605442,-0.35235885224911506,0.17497075653407543,0.21490035195942842,0.26058155657511867,0.6622527595769926,0.6688320966679606
0.23587688484961086,-0.34847805087552036,0.1739461264784351,0.20014168821108855,0.26303910507366246,0.6585061306602127,0.6761090220703883
0.24014455347640004,-0.344588326282209,0.17299502212137954,0.18543254673096599,0.2653620601889086,0.654796449275857,0.6829636576282052
0.24431795667393222,-0.3406990580943564,0.17211722943397037,0.1708082052112865,0.2675511633714444,0.6511331199896715,0.6893958166855974
0.24839145004858168,-0.33681969482638,0.1713120827100045,0.15630348708144481,0.26960788119136203,0.6475251503158207,0.6954077868662089
0.25235984033438746,-0.3329596991138374,0.17057848209946924,0.141952553618603,0.2715343532785175,0.6439810945525885,0.7010042206503645
0.2562183916618879,-0.3291284934509616,0.16991491507554152,0.12778870716304305,0.27333333549485944,0.6405090048425759,0.7061920055795204
0.2599628285324285,-0.3253354068789437,0.1693194815291292,0.11384420715870319,0.2750081393546503,0.6371163898258295,0.710980116177943
0.2635893356685107,-0.3215896230256623,0.16878992214491018,0.10015010041762057,0.2765625687236025,0.6338101810931452,0.715379449879585
0.26709455495245454,-0.31790012984828364,0.16832364967904948,0.0867360666696861,0.27800085482084924,0.6305967074875958,0.7194026493997312
0.27047557970331054,-0.3142756713774034,0.16791778273150523,0.07363028011198516,0.279327590519969,0.6274816771480584,0.7230639140963951
0.2737299465751858,-0.3107247017065285,0.16756918158509365,0.06085928732584163,0.2805476648984811,0.6244701670431808,0.7263788029253484
0.2768556253885964,-0.3072553414149522,0.16727448566922037,0.04844790158995814,0.28166619892202843,0.6215666196100706,0.7293640316075751
0.27985100722989004,-0.30387533655684895,0.16703015219814307,0.03641911329391041,0.28268848307234046,0.6187748459919474,0.7320372666010838
0.28271489117211135,-0.30059202029576393,0.16683249553151466,0.024794015852775107,0.2836199176401294,0.6160980352645418,0.7344169184045736
0.2854464699838462,-0.29741227721278607,0.16667772680835838,0.013591746248289493,0.2844659563083684,0.6135387689540444,0.7365219366222866
0.28804531520063886,-0.2943425102694549,0.16656199341406475,0.0028294390772778803,0.28523205355113845,0.6110990400801218,0.7383716090930516
0.2905113619366285,-0.291388610363723,0.1664814178530136,-0.007477807219318328,0.28592361627139873,0.608780275907096,0.7399853672363775
0.29284489381228723,-0.2885559283796902,0.16643213561648357,-0.017316953443308542,0.2865459600006034,0.6065833635540088,0.7413825996004222
0.29504652836769313,-0.2858492495999055,0.1664103316561258,-0.02667703366738144,0.2871042698866367,0.6045086775999687,0.7425824754152953
0.29711720331991126,-0.2832727703230881,0.16641227509701975,-0.03554916191712003,0.2876035666063355,0.6025561088239807,0.7436037797652782
0.29905816400799345,-0.28083007651034286,0.1664343518507425,-0.04392653326546144,0.28804867725680144,0.6007250932372369,0.7444647617993738
0.300870952350022,-0.27852412426937556,0.1664730948176779,-0.05180442110418553,0.2884442112072323,0.5990146405992498,0.7451829972046123
0.302557397613788,-0.27635722197867946,0.16652521139866888,-0.059180172322967996,0.2887945408309571,0.5974233616561386,0.7457752659732952
0.30411960927625886,-0.27433101385187614,0.1665876080689117,-0.06605320205731612,0.28910378698631145,0.5959494933978087,0.7462574463059273
0.30555997221712944,-0.272446464745943,0.1666574118016218,-0.0724249895626301,0.2893758090747313,0.59459092169974,0.7466444253066188
0.3068811444586234,-0.27070384602532943,0.16673198816546028,-0.07829907663799393,0.2896141994745461,0.5933452007926637,0.7469500269473646
0.3080860576274104,-0.2691027223062824,0.16680895595809467,-0.08368106986360203,0.2898222821283222,0.5922095690882304,0.7471869576008046
0.30917792027514623,-0.2676419389212242,0.16688619827876508,-0.08857864773294297,0.2900031150487638,0.5911809609797433,0.7473667692658565
0.31016022415177535,-0.2663196099608439,0.16696186998557608,-0.09300157356100576,0.29015949650137535,0.5902560143324861,0.7474998404344799
0.31103675348041576,-0.2651331067706311,0.16703440152875926,-0.09696171483815254,0.29029397461909845,0.5894310734768643,0.7475953743673126
0.31181159723441904,-0.26407904679781236,0.16710249919973724,-0.10047306947689065,0.2904088602024835,0.5887021876191787,0.747661414356913
0.3124891643660928,-0.26315328270287164,0.1671651418878515,-0.10355179917792247,0.2905062424561551,0.5880651046867444,0.7477048753557711
0.3130742018826001,-0.2623508916658617,0.16722157449254302,-0.10621626991927902,0.29058800740546853,0.5875152607270918,0.7477315911270109
0.3135718156077595,-0.261666164830292,0.1672712981990219,-0.10848709935986112,0.29065585872372857,0.5870477650826533,0.7477463758344252
0.3139874934089011,-0.26109259683536107,0.16731405789046416,-0.11038721074873871,0.29071134067735216,0.5866573816623714,0.7477530987202532
0.3143271306055692,-0.26062287538953277,0.1673498270399154,-0.1119418927478674,0.2907558628614437,0.5863385067293029,0.7477547702196043
0.31459705721181347,-0.26024887083386467,0.16737879050071502,-0.11317886441544447,0.29079072634912384,0.5860851437171338,0.7477536375257868
0.3148040665960493,-0.25996162563126807,0.16740132569572802,-0.11412834446029552,0.29081715081273235,0.5858908756786427,0.7477512872475911
0.3149554450719844,-0.25975134369732605,0.16741798279315798,-0.11482312377151631,0.29083630209241396,0.5857488360540137,0.747748752385405
0.31505900186092756,-0.2596073794589964,0.1674294645504881,-0.11529864014940971,0.2908493195866623,0.5856516785272009,0.7477466203962039
0.3151230987896983,-0.2595182264896099,0.16743660660822537,-0.1155930541122539,0.2908573427202088,0.5855915468146522,0.7477451386174059
0.3151566790092281,-0.25947150552236065,0.16744035912171049,-0.1157473246357444,0.2908615356079112,0.5855600453015122,0.7477443127767449
0.3151692939363386,-0.25945395159112705,0.1674417707323692,-0.1158052836746228,0.29086310888064043,0.5855482115111945,0.7477439937313908
0.3151711275345661,-0.2594513999886279,0.1674419759994141,-0.11581370833106082,0.2908633374728572,0.5855464914639595,0.7477439469571158
