0.0
0.026088953018188477
0.014697551727294922
0.016097068786621094
0.009501457214355469
0.010001659393310547
0.02113056182861328
0.011101722717285156
0.006103992462158203
0.008049488067626953
0.015508174896240234
0.016133785247802734
0.011506080627441406
0.01000213623046875
0.010001659393310547
0.014548778533935547
0.01600480079650879
0.02006053924560547
0.009511947631835938
0.01385354995727539
0.010047197341918945
0.010009527206420898
0.0060024261474609375
0.0
0.009914875030517578
0.010002374649047852
0.010486602783203125
0.01000213623046875
0.016143321990966797
0.009937763214111328
0.008081674575805664
0.015713214874267578
0.010509252548217773
0.0
0.012815237045288086
0.007138252258300781
0.015718936920166016
0.009004354476928711
0.010001659393310547
0.010232925415039062
0.0
0.010001659393310547
0.015624046325683594
0.005506277084350586
0.0
0.01571202278137207
0.018126487731933594
0.011094331741333008
0.0
0.010509252548217773
0.009004354476928711
0.016089439392089844
0.01617908477783203
0.010036468505859375
0.0137786865234375
0.010008811950683594
0.0
0.015717029571533203
0.010008573532104492
0.01571822166442871
0.009004592895507812
0.015593767166137695
0.015706777572631836
0.010509252548217773
0.015508890151977539
0.006002187728881836
0.0
0.0
0.01573634147644043
0.009478569030761719
0.01555490493774414
0.007004737854003906
0.005577564239501953
0.010001897811889648
0.016009092330932617
0.006002902984619141
0.004503488540649414
0.011099815368652344
0.015711307525634766
0.0
0.0050046443939208984
0.015712261199951172
0.015729188919067383
0.010001659393310547
0.005095720291137695
0.006003141403198242
0.0
0.01555633544921875
0.015600919723510742
0.010002374649047852
0.011590957641601562
0.010001897811889648
0.01556086540222168
0.006002187728881836
0.0
0.010038614273071289
0.016094684600830078
0.0
0.00024318695068359375
0.0050048828125
0.015723466873168945
