0.2617993877991494,-2.007128639793479,-1.5707963267948966,0.17453292519943295,0.2617993877991494,1.1344640137963142,-2.007128639793479
0.2617993877991494,-2.007128639793479,-1.5707963267948966,0.17453292519943295,0.2617993877991494,1.1344640137963142,-2.007128639793479
0.2617993877991494,-2.007128639793479,-1.5707963267948966,0.17453292519943295,0.2617993877991494,1.1344640137963142,-2.007128639793479
0.2617993877991494,-2.007128639793479,-1.5707963267948966,0.17453292519943295,0.2617993877991494,1.1344640137963142,-2.007128639793479
0.2617993877991494,-2.007128639793479,-1.5707963267948966,0.17453292519943295,0.2617993877991494,1.1344640137963142,-2.007128639793479
0.2617993877991494,-2.007128639793479,-1.5707963267948966,0.17453292519943295,0.2617993877991494,1.1344640137963142,-2.007128639793479
0.2617993877991494,-2.007128639793479,-1.5707963267948966,0.17453292519943295,0.2617993877991494,1.1344640137963142,-2.007128639793479
0.2617993877991494,-2.007128639793479,-1.5707963267948966,0.17453292519943295,0.2617993877991494,1.1344640137963142,-2.007128639793479
0.2617993877991494,-2.007128639793479,-1.5707963267948966,0.17453292519943295,0.2617993877991494,1.1344640137963142,-2.007128639793479
0.2617993877991494,-2.007128639793479,-1.5707963267948966,0.17453292519943295,0.2617993877991494,1.1344640137963142,-2.007128639793479
0.2617993877991494,-2.007128639793479,-1.5707963267948966,0.17453292519943295,0.2617993877991494,1.1344640137963142,-2.007128639793479
0.2617993877991494,-2.007128639793479,-1.5707963267948966,0.17453292519943295,0.2617993877991494,1.1344640137963142,-2.007128639793479
0.2617993877991494,-2.007128639793479,-1.5707963267948966,0.17453292519943295,0.2617993877991494,1.1344640137963142,-2.007128639793479
0.2617993877991494,-2.007128639793479,-1.5707963267948966,0.17453292519943295,0.2617993877991494,1.1344640137963142,-2.007128639793479
0.2759905624978828,-2.004375097669882,-1.5835712648032192,0.18380810437504072,0.2613195464570423,1.1394918684532462,-1.9939374441602076
0.2759905624978828,-2.004375097669882,-1.5835712648032192,0.18380810437504072,0.2613195464570423,1.1394918684532462,-1.9939374441602076
0.2759905624978828,-2.004375097669882,-1.5835712648032192,0.18380810437504072,0.2613195464570423,1.1394918684532462,-1.9939374441602076
0.2759905624978828,-2.004375097669882,-1.5835712648032192,0.18380810437504072,0.2613195464570423,1.1394918684532462,-1.9939374441602076
0.29049310091971486,-1.997657849555194,-1.5996010467906563,0.19175784023965609,0.2581564558755799,1.1421041211093443,-1.978185811756685
0.29049310091971486,-1.997657849555194,-1.5996010467906563,0.19175784023965609,0.2581564558755799,1.1421041211093443,-1.978185811756685
0.29049310091971486,-1.997657849555194,-1.5996010467906563,0.19175784023965609,0.2581564558755799,1.1421041211093443,-1.978185811756685
0.3046113976286366,-1.9890518343280852,-1.6161884697224895,0.19889368715923925,0.2540095501568779,1.1435983739379962,-1.961560858186412
0.3046113976286366,-1.9890518343280852,-1.6161884697224895,0.19889368715923925,0.2540095501568779,1.1435983739379962,-1.961560858186412
0.3046113976286366,-1.9890518343280852,-1.6161884697224895,0.19889368715923925,0.2540095501568779,1.1435983739379962,-1.961560858186412
0.3215793604516976,-1.9793630178790347,-1.6351559374333138,0.20788083728454826,0.24984202685522514,1.1460417962016183,-1.9417137190140863
0.3215793604516976,-1.9793630178790347,-1.6351559374333138,0.20788083728454826,0.24984202685522514,1.1460417962016183,-1.9417137190140863
0.3346836481216902,-1.9683275416868797,-1.6513626949650049,0.21375348157589524,0.24504388627020224,1.1460773815880385,-1.9239937365678867
0.3346836481216902,-1.9683275416868797,-1.6513626949650049,0.21375348157589524,0.24504388627020224,1.1460773815880385,-1.9239937365678867
0.34858020932148315,-1.9584016808476452,-1.666682080897907,0.22087435070713243,0.24153588738439177,1.147513675737636,-1.9059938981815827
0.3559247224789038,-1.947491411938202,-1.6762714472001172,0.22321405721873716,0.2379130976825396,1.1455919778888632,-1.8924480149202212
0.36324558930826856,-1.9409030088457127,-1.6825539005666876,0.22732874465674588,0.23719886114544816,1.1464852745261405,-1.881323114421032
0.37131317452939244,-1.9337099508748155,-1.6899314803423946,0.23167346068111466,0.23634054841712934,1.1472472657874317,-1.868945472840397
0.3797032209200308,-1.9258371650779318,-1.697678031387716,0.23606870169823896,0.23527346764780763,1.1478496528036328,-1.8558659346183002
0.38833843643896304,-1.9175815208734082,-1.705541487061142,0.2405650805848506,0.23419352900466145,1.1484267465846532,-1.8422914651820594
0.39319164809912827,-1.90172003441145,-1.7085598597798102,0.2411107566382205,0.23317647979623113,1.1443810441947202,-1.8256719271950521
0.40214249961361065,-1.8874337153352545,-1.7127308343185355,0.24539898886879355,0.23472137774324503,1.1433835524234142,-1.805495876714649
0.41159016998238485,-1.8732543194513853,-1.715730018230429,0.2502677488805611,0.23707478666771634,1.1429887214939707,-1.784999214009732
0.42142361402652845,-1.8593750947361476,-1.718647909518827,0.25534820225513766,0.23962488164179907,1.142842130900501,-1.7645051977189778
0.4336323553648431,-1.856862975607854,-1.7252696454690408,0.2647978437552504,0.24168106634945408,1.1489172410323603,-1.7519274672946565
0.44624633819202564,-1.8374832971781019,-1.7284248898835886,0.27055792533233297,0.2443215523815437,1.1478627191302793,-1.725332736081483
0.45239463942538355,-1.8229926856816998,-1.7319881378656863,0.27143195989752766,0.24432672913380332,1.144212793317605,-1.708241442163153
0.46321270228428973,-1.809066900130251,-1.7378673377532328,0.27628978533585474,0.24531382942168972,1.1436175206227017,-1.6875842996142005
0.47430986403093517,-1.7951604284541478,-1.7428392020920942,0.28144061760702305,0.2466712411499322,1.1433991852772432,-1.6669268924681198
0.4856111292060451,-1.7813048035778338,-1.747660757613016,0.28668473153376495,0.24819263327522434,1.1432880888644847,-1.646139401024259
0.4970886615750683,-1.767435378498986,-1.7525138232056816,0.2919717525746756,0.24971063607679492,1.1432184747602643,-1.6252599032390596
0.5135842809837377,-1.7526559850995262,-1.7529204421916855,0.30147607493343914,0.25537054505559953,1.1468031519068282,-1.5995303461694677
0.521194267499184,-1.7380740098494252,-1.7578891272256496,0.3028117519364295,0.25539609086911563,1.1433681276718137,-1.5811171852453116
0.5328614156950088,-1.7241150918041457,-1.7644315951136882,0.30786983153462777,0.2560999343199893,1.1429322358950655,-1.5600508118416259
0.549929224872169,-1.7089178707351333,-1.7656311513517435,0.3171304039721358,0.26105291634311556,1.1462698887431542,-1.534064951846207
0.5577554091142847,-1.6941083086901583,-1.7707217461551001,0.31836753357236713,0.2610583068407169,1.1427329439087717,-1.5153319229805344
0.5748963435548652,-1.6787384978499125,-1.7728460488378208,0.327248566111747,0.26562391283104936,1.14566869900536,-1.4890533207768082
0.5827798285225189,-1.6639147843548026,-1.7780015347596025,0.3284198030147609,0.2655985408565944,1.1421111880570658,-1.4702776590095314
0.5945219262910595,-1.6501841220550977,-1.7845738994377245,0.3334122065635793,0.2662889489868126,1.141747982985623,-1.4492768329449859
0.6120273992755154,-1.6350377045060167,-1.785668743532029,0.342302203573827,0.270892082156172,1.1450477215177486,-1.423493939407743
0.6199206066523962,-1.6200577622246943,-1.7904898993074576,0.34326198586479234,0.27103163987962897,1.1413781126209492,-1.404564595018921
0.6371783719715625,-1.6050852316105488,-1.79213695666709,0.35171070247488495,0.27560922855192793,1.144333575696829,-1.3786904969195193
0.6449808877551377,-1.5901952847863365,-1.79680483816032,0.3525289240362222,0.27580449608312085,1.1406418493203396,-1.3598807637849322
0.6563592389728835,-1.576985414837898,-1.8028575564412748,0.3572553558196581,0.2767604517973915,1.1403254630557889,-1.339325327097284
0.673695662649662,-1.5623464851741964,-1.8033154115101535,0.36553742517292875,0.2812482250533611,1.143579488125989,-1.314366569205411
0.6813393867407131,-1.5474401952910923,-1.8072840517752486,0.3660134866874071,0.2816435794526656,1.1397858133519039,-1.2957586740001685
0.6923300290799892,-1.5346902180751707,-1.8127979124625258,0.3704646999102025,0.282898103622423,1.1394703176081475,-1.275641296896427
0.7034879878310998,-1.5217547093253572,-1.8173624488496558,0.37493275346411425,0.2839310089821964,1.1393531598147832,-1.2560479409912852
0.7204320869151017,-1.5078132226183547,-1.816710903633613,0.3825801969109375,0.2886497792037099,1.1425862541387846,-1.2320936995570737
0.7277549923639142,-1.4929889618078205,-1.819343793296694,0.3824084076305609,0.2894253194510967,1.1386156409722958,-1.2140216673484896
0.7380443876205116,-1.4810812165655671,-1.8240146044145804,0.3863658870796488,0.29121983941886687,1.1382753908808854,-1.1946965091493424
0.7484796041040724,-1.4689397933398947,-1.827583335576155,0.39027430554454556,0.2925584329793113,1.1381302236061157,-1.1762167295842325
0.7587690374473038,-1.456937851754689,-1.8307172972718786,0.3939943753063287,0.2940341869613172,1.1379513688936136,-1.1580039108718159
0.7688863238672775,-1.4451209545692474,-1.8334650341026735,0.39752042944051863,0.29566391011728466,1.137736889580397,-1.1400644817349261
0.7788138930083686,-1.4335165568771162,-1.8358423100318455,0.4008479772058103,0.2974372631244163,1.1374912566252595,-1.1224339961354337
0.788535332299266,-1.4221495646888822,-1.8378634077224527,0.40397283484020075,0.2993430998732915,1.1372188821567235,-1.1051470003665513
0.7980351673904107,-1.4110430300494106,-1.8395421659687567,0.4068911255310479,0.30137054266680624,1.136923937800868,-1.08823595064379
0.808048954332415,-1.4077204879228928,-1.843109824402859,0.4148921656041652,0.30242282627008293,1.1421475066464366,-1.077288744900313
0.8156940490962509,-1.3965691742664073,-1.8511454346752623,0.4184102487787498,0.30158890505582236,1.1409676610935413,-1.0602728312831664
0.8225620785406584,-1.382819452331444,-1.8476987860765544,0.416171067683162,0.30379370087786867,1.1369220366420771,-1.0454797603425545
0.8318895587941361,-1.3798289095073983,-1.8508535819280971,0.4235757951911298,0.3052736969100593,1.1417700576919092,-1.0348292813315763
0.8387167432518776,-1.368823199042465,-1.8575222220480347,0.42608830393131564,0.3048544410083744,1.1400641835188325,-1.0186557048914804
0.847337180374401,-1.3603074881430735,-1.8580650323791865,0.4297237383895252,0.3047645516095782,1.1412766131714758,-1.0070836305976154
0.8524937701426383,-1.3512352648277774,-1.8610741060396248,0.4299152468323314,0.30737040792261394,1.1387290082758061,-0.99244373238639
0.8608066786846982,-1.3451564751926075,-1.8588785526914047,0.433566786603598,0.30772921558164873,1.141121649071175,-0.9842425606692506
0.8640577115384198,-1.3370760648472468,-1.862477097274644,0.4326025333549329,0.3107587226769819,1.137668929826073,-0.9705466632741827
0.8720034342961279,-1.332153079582713,-1.85999213437083,0.43651464966386283,0.31061912509717327,1.1406401987362875,-0.9641535707372679
0.8751541256980748,-1.3241022589917628,-1.8635077830499953,0.43549315439673103,0.31350048781703915,1.1372026453631048,-0.9507202675562333
0.8751541256980748,-1.3241022589917628,-1.8635077830499953,0.43549315439673103,0.31350048781703915,1.1372026453631048,-0.9507202675562333
0.8845230794669406,-1.3185189142108547,-1.8645403153964633,0.44164765811582646,0.3127471698573664,1.1410822709388069,-0.9413822011207831
0.887048469173326,-1.308596387773426,-1.8669550905223136,0.43907662684285653,0.31429993828129565,1.136295882225987,-0.9288540599294259
0.887048469173326,-1.308596387773426,-1.8669550905223136,0.43907662684285653,0.31429993828129565,1.136295882225987,-0.9288540599294259
0.895144063546255,-1.3054054923830911,-1.8663137881256806,0.44441264999279567,0.3148269085359673,1.1403356085863698,-0.9218345235377247
0.8975240498918123,-1.2959567709323758,-1.86714679872604,0.4411065087621111,0.3173882834219176,1.1354234730379031,-0.909745581202377
0.8975240498918123,-1.2959567709323758,-1.86714679872604,0.4411065087621111,0.3173882834219176,1.1354234730379031,-0.909745581202377
0.8975240498918123,-1.2959567709323758,-1.86714679872604,0.4411065087621111,0.3173882834219176,1.1354234730379031,-0.909745581202377
0.9052699207317519,-1.293430068871933,-1.8661297088708217,0.4462996323872485,0.3180216933279154,1.1395881310774842,-0.9035539190779347
0.9052699207317519,-1.293430068871933,-1.8661297088708217,0.4462996323872485,0.3180216933279154,1.1395881310774842,-0.9035539190779347
0.9052699207317519,-1.293430068871933,-1.8661297088708217,0.4462996323872485,0.3180216933279154,1.1395881310774842,-0.9035539190779347
0.9052699207317519,-1.293430068871933,-1.8661297088708217,0.4462996323872485,0.3180216933279154,1.1395881310774842,-0.9035539190779347
0.9095567324566861,-1.2842980735891718,-1.8695414435504654,0.44604643832968965,0.31978809454763646,1.1367129361732538,-0.8898063277923447
0.9095567324566861,-1.2842980735891718,-1.8695414435504654,0.44604643832968965,0.31978809454763646,1.1367129361732538,-0.8898063277923447
0.9095567324566861,-1.2842980735891718,-1.8695414435504654,0.44604643832968965,0.31978809454763646,1.1367129361732538,-0.8898063277923447
0.9095567324566861,-1.2842980735891718,-1.8695414435504654,0.44604643832968965,0.31978809454763646,1.1367129361732538,-0.8898063277923447
0.9095567324566861,-1.2842980735891718,-1.8695414435504654,0.44604643832968965,0.31978809454763646,1.1367129361732538,-0.8898063277923447
0.9095567324566861,-1.2842980735891718,-1.8695414435504654,0.44604643832968965,0.31978809454763646,1.1367129361732538,-0.8898063277923447
0.9095567324566861,-1.2842980735891718,-1.8695414435504654,0.44604643832968965,0.31978809454763646,1.1367129361732538,-0.8898063277923447
