0.06876367651427966,-0.4430848084350135,0.24030889270310002,0.5888227679454711,0.11738392638754556,0.7601622175799276,0.24831867577539096
0.06876641690658723,-0.44308408040533753,0.2403074815463943,0.5888193867218707,0.11738702832314948,0.7601614486121667,0.24832758092042906
0.0687852698342148,-0.4430790711271304,0.24029777348559828,0.5887961222991376,0.11740836808797514,0.7601561574397234,0.2483888439018386
0.06883544989897228,-0.44306573224730234,0.24027193561541363,0.5887341768593558,0.1174651630153197,0.7601420658808784,0.24855189428743396
0.0689312105058667,-0.44304025337428515,0.24022263495294296,0.5886158691487138,0.11757352993518962,0.7601151411066751,0.2488630063011826
0.0690858641254621,-0.44299903908875166,0.240143033031495,0.5884245393086618,0.11774849539696026,0.7600715653003299,0.2493653323801195
0.06931180257247391,-0.44293868161656663,0.2400267817491981,0.5881444364550173,0.11800400277464891,0.7600076993334829,0.2500989287262078
0.06962051723453097,-0.44285593058120576,0.2398680201365347,0.5877605947893964,0.11835291709678773,0.7599200424958353,0.2511007750697394
0.07002261917077954,-0.4427476611059183,0.2396613717674919,0.5872587034327075,0.11880702834471181,0.7598051901582725,0.25240479049928055
0.07052785898851405,-0.44261084139680484,0.23940194259391698,0.5866249746498029,0.11937705382603113,0.7596597910741608,0.25404184687192205
0.07114514639876476,-0.44244250080635916,0.23908531903017585,0.5858460146256189,0.1200726401190872,0.7594805058538558,0.25603978103037534
0.07188256934969937,-0.44223969925271434,0.23870756615427802,0.5849087004681227,0.12090236498758655,0.7592639679809836,0.25842340680145853
0.07274741264020577,-0.44199949875267047,0.23826522592175856,0.5838000666409263,0.12187373959213996,0.7590067485728715,0.2612145275606148
0.0737461759251873,-0.44171893771632803,0.2377553153098268,0.5825072035775436,0.12299321126816604,0.7587053259233221,0.2644319499943236
0.07488459103863387,-0.44139500854761865,0.23717532432194527,0.5810171707896761,0.12426616710553176,0.7583560607016974,0.2680914995994161
0.07616763857991768,-0.4410246389978547,0.23652321378786967,0.5793169263622042,0.1256969385448991,0.7579551775201658,0.27220603839933843
0.07759956373230359,-0.44060467762828687,0.23579741289215808,0.577393274320896,0.12728880720269287,0.7574987534200491,0.2767854853437618
0.07918389130949675,-0.44013188365210376,0.23499681635643302,0.5752328309694681,0.12904401214444766,0.7569827136699213,0.28183683987271213
0.08092344005528157,-0.4396029213458359,0.23412078118853533,0.5728220109178456,0.13096375884409892,0.7564028351126247,0.2873642091685113
0.08282033625189647,-0.43901435914426373,0.23316912289643862,0.5701470331641144,0.13304823009057035,0.7557547571464398,0.29336883967874045
0.08487602672378003,-0.4383626734611679,0.23214211104783034,0.5671939472485207,0.13529659912944975,0.7550340002781128,0.2998491535633844
0.08709129135369906,-0.43764425721008415,0.2310404640389518,0.563948679168412,0.1377070453538286,0.7542359920427771,0.3068007907932604
0.08946625525704582,-0.436855432934286,0.2298653429199246,0.5603970964286178,0.14027677288114968,0.7533560999490387,0.31421665769656276
0.09200040078639213,-0.4359924703931694,0.22861834410962095,0.5565250913029445,0.14300203236916298,0.7523896709774273,0.32208698280901826
0.09469257956133212,-0.4350516083928289,0.2273014908222772,0.5523186810990179,0.14587814643193756,0.751332077037941,0.33039938092629206
0.0975410247374911,-0.4340290805918734,0.22591722302147055,0.5477641239530305,0.14889953901313246,0.750178765678916,0.3391389262766864
0.10054336374266723,-0.43292114495944617,0.2244683857156116,0.5428480484326986,0.1520597690580344,0.7489253152357203,0.348288235727113
0.10369663171684432,-0.4317241165112646,0.22295821541338526,0.53755759499985,0.15535156879545678,0.7475674935156961,0.3578275628978675
0.10699728589585233,-0.4304344029016143,0.22139032456805083,0.5318805671785762,0.15876688689646484,0.7461013190361537,0.36773490399404946
0.11044122117546443,-0.4290485424051304,0.21976868385641832,0.525805590095404,0.16229693671746806,0.7445231237670651,0.3779861160580925
0.11402378708353549,-0.4275632437825204,0.2180976021617129,0.5193222739060174,0.16593224976200963,0.7428296162805238,0.3885550482113584
0.11773980637243497,-0.42597542748980405,0.21638170415919025,0.5124213795022395,0.16966273440916274,0.7410179441765448,0.3994136862830253
0.12158359542260638,-0.42428226766195964,0.2146259054389243,0.505094983806781,0.17347773985830567,0.7390857546408073,0.41053231102303017
0.12554898662094024,-0.42248123427985323,0.21283538514100808,0.4973366419135483,0.17736612513284694,0.7370312519952478,0.4218796698678806
0.12962935284518265,-0.4205701349147502,0.21101555612371484,0.4891415433223778,0.1813163328709236,0.7348532511282424,0.4334231619753322
0.13381763414843403,-0.4185471554382809,0.2091720327339892,0.480506659549869,0.18531646751291125,0.7325512257376281,0.4451290359739087
0.13810636669663376,-0.41641089908804485,0.20731059630084642,0.471430880474691,0.1893543773766913,0.7301253503871415,0.4569625995912545
0.14248771396763302,-0.41416042329056607,0.20543715852461625,0.4619151368980688,0.19341773999512468,0.7275765354648908,0.4688884400372046
0.14695350017395123,-0.411795273664298,0.203557722987183,0.4519625069664199,0.19749414998046474,0.7249064542398217,0.48087065373296756
0.15149524582366874,-0.40931551465593685,0.2016783450590249,0.4415783043145084,0.2015712085799933,0.722117561337964,0.4928730837017135
0.15610420528615637,-0.4067217563032408,0.19980509052663376,0.4307701460398108,0.20563661400034636,0.7192131021020259,0.5048595626786655
0.16077140618265565,-0.40401517666646863,0.19794399330742551,0.41954799891062006,0.20967825150717515,0.7161971124536008,0.516794159765871
0.16548769037716904,-0.4011975395278218,0.1961010126572981,0.40792420253645867,0.21368428225506259,0.7130744090436854,0.5286414282565568
0.1702437563018127,-0.3982712070229622,0.19428199030743734,0.3959134685840365,0.21764322977240969,0.7098505696508832,0.5403666520931024
0.17503020231373512,-0.3952391469397084,0.19249260799080548,0.383532855499988,0.22154406301841148,0.7065319039642269,0.5519360883055247
0.17983757074884002,-0.392104934495026,0.19073834583425361,0.3708017185941903,0.22537627494601548,0.7031254150645191,0.5633172027103386
0.18465639231169495,-0.3888727484809899,0.18902444209872943,0.3577416357376219,0.22912995554571347,0.6996387520907369,0.5744788961348418
0.18947723042182066,-0.3855473617518292,0.18735585474737315,0.3443763093276403,0.23279585840993577,0.6960801547420361,0.585391718471792
0.19429072512453674,-0.38213412610586345,0.18573722530924194,0.33073144556263834,0.23636545994553185,0.6924583904173702,0.596028067964395
0.1990876361700435,-0.3786389516963061,0.18417284548520296,0.31683461243813965,0.23983101047056224,0.6887826849297374,0.606362373270988
0.20385888486756146,-0.37506828118191327,0.18266662691256882,0.30271507821978344,0.24318557655868586,0.6850626478474996,0.6163712560595137
0.20859559433210512,-0.371429058900659,0.1812220744669592,0.28840363245684003,0.24642307413688813,0.6813081936080118,0.6260336721305121
0.21328912775959033,-0.3677286954155056,0.17984226343451973,0.27393239186610985,0.24953829199646915,0.6775294596167439,0.6353310293582708
0.2179311243910785,-0.36397502783962377,0.17852982083599658,0.25933459363389477,0.2525269055392245,0.6737367225865466,0.6442472810667229
0.22251353285845157,-0.36017627639796346,0.17728691112745065,0.2446443788489252,0.25538548074629985,0.6699403143859205,0.6527689938118223
0.22702864164100106,-0.35634099772197764,0.17611522644185082,0.22989656888749055,0.2581114685221606,0.6661505386518611,0.6608853889177216
0.23146910640446733,-0.3524780354039911,0.17501598147270103,0.21511482605625581,0.26078194880216415,0.6623539548756885,0.6685847928649488
0.23582797404006192,-0.34859646835675717,0.17398991303664543,0.20035742719804744,0.26323673454768265,0.6586061585424224,0.6758707353342392
0.24009870326995603,-0.3447055575321378,0.1730372842879107,0.18564866078348904,0.26555639928903685,0.6548949759112708,0.682734900288622
0.24427518173663973,-0.3408146915507282,0.17215789349480196,0.17102379643187376,0.26774169977809215,0.6512298231408429,0.6891770169600214
0.2483517395453723,-0.33693333178206913,0.1713510872284243,0.1565176592214476,0.2697941214832543,0.6476197223222457,0.6951992877040188
0.2523231592807261,-0.33307095739353865,0.17061577775740142,0.14216442177479524,0.2717158265018912,0.64407324511391,0.7008062797508805
0.2561846825689563,-0.32923701085594653,0.16995046439053577,0.12799740729469794,0.27350959666134966,0.6405984635603309,0.7060047965447008
0.25993201330678645,-0.32544084435631127,0.16935325846283564,0.11404890527665115,0.2751787728222145,0.6372029084687312,0.7108037307388358
0.26356131772333674,-0.3216916675244949,0.16882191161970306,0.10035000130585488,0.2767271914135926,0.6338935355572056,0.7152139011156352
0.2670692214846925,-0.3179984968315272,0.1683538470197476,0.08693042201133461,0.2781591192242496,0.6306766994290329,0.719247875852701
0.27045280408938954,-0.31437010696496054,0.16794619304887332,0.07381839590567181,0.2794791874467148,0.6275581352740113,0.7229197846659361
0.2737095908374209,-0.3108149844317616,0.16759581911710902,0.06104053049369197,0.28069232592584314,0.624542948052144,0.726245122421986
0.27683754268492083,-0.3073412835834315,0.16729937309494441,0.04862170569567349,0.2818036985010572,0.6216356087808496,0.7292405468307637
0.279835044321129,-0.3039567852025428,0.1670533199375927,0.03658498330697606,0.2828186402553529,0.6188399574263297,0.7319236728055187
0.28270089082353067,-0.3006688577358706,0.16685398104323748,0.024951531913001198,0.2837425973970367,0.6161592117948244,0.7343128660169033
0.28543427326108756,-0.2974844212078994,0.16669757389455667,0.013740566402729651,0.2845810704051458,0.6135959817317176,0.7364270380728042
0.2880347636242542,-0.29440991380070586,0.16658025154120182,0.002969300979267966,0.2853395609698011,0.6111522878665334,0.7382854456324854
0.29050229946415884,-0.29145126104284064,0.16649814149391223,-0.0073470856430943084,0.28602352315731927,0.6088295840903849,0.7399074956165509
0.2928371686220131,-0.2886138475115882,0.16644738361809353,-0.01719547433629374,0.2866383191297038,0.6066287829193235,0.7413125585086685
0.2950399944237068,-0.2859024909203992,0.16642416663543003,-0.02656482056193048,0.28718917965177065,0.6045502828817301,0.7425197915659054
0.2971117217038766,-0.28332141843668474,0.16642476286602947,-0.035446161981175305,0.28768116952890127,0.6025939970698085,0.7435479735664131
0.29905360400871317,-0.2808742450547869,0.16644556087022605,-0.04383262041945015,0.28811915803614857,0.6007593820131794,0.7444153525303251
0.3008671923076276,-0.27856395383478255,0.16648309567819838,-0.05171939994129335,0.2885077943265742,0.5990454660653588,0.7451395076554891
0.3025543255208506,-0.27639287780972865,0.16653407632667583,-0.05910378275991741,0.2888514877442951,0.5974508765399134,0.7457372265168644
0.3041171231432965,-0.2743626833617284,0.16659541045504864,-0.06598512463647475,0.2891543929160169,0.5959738648914286,0.7462243983886159
0.30555798021475683,-0.2724743548703479,0.1666642257480454,-0.07236485132398887,0.2894203994540951,0.5946123293044614,0.7466159243625947
0.30687956485287404,-0.270728180444856,0.16673788804880144,-0.07824645747667706,0.2896531260734774,0.5933638341314177,0.7469256447552702
0.3080848185284665,-0.2691237385638375,0.1668140160047083,-0.08363550928786054,0.2898559189035901,0.5922256257047912,0.7471662841170525
0.3091769592228059,-0.2676598854610249,0.1668904921490591,-0.08853965193858776,0.29003185376263724,0.5911946441400123,0.7473494139810145
0.3101594875634109,-0.26633474311384725,0.166965470364467,-0.09296862273968687,0.2901837421541639,0.5902675308408559,0.747485433309794
0.3110361959888824,-0.2651456877101557,0.16703737971963314,-0.09693427063869514,0.2903141407419343,0.5894406315183147,0.7475835664166962
0.3118111809443858,-0.2640893384876616,0.16710492471965116,-0.1004505825436709,0.29042536405674085,0.5887099946352116,0.7476518779457159
0.31248885805750254,-0.2631615468587682,0.16716708206210704,-0.10353371669286085,0.29051950018505457,0.5880713652916499,0.7476973042909832
0.31307398018951177,-0.2623573857493589,0.16722309404710473,-0.10620204307998912,0.2905984291817493,0.5875201746691208,0.7477257006145381
0.31357165819961813,-0.2616711390925395,0.16727245884960854,-0.10847619073242627,0.2906638439347206,0.5870515252532224,0.7477419023775115
0.31398738419937966,-0.26109629142612856,0.16731491792742684,-0.1103791014388664,0.29071727318528234,0.5866601721555527,0.7477498000291807
0.3143270570115673,-0.2606255175446488,0.16735044090824466,-0.11193608934359948,0.2907601063724454,0.5863405009524182,0.7477524251967449
0.314597009481985,-0.26025067215171366,0.16737920837472053,-0.11317490566060785,0.2907936199190025,0.5860865025529762,0.7477520463819108
0.31480403722444233,-0.25996277944604057,0.1674015930480465,-0.11412580763152357,0.2908190045112666,0.5858917456981603,0.7477502717955311
0.3149554283080481,-0.2597520225533167,0.16741813995782856,-0.11482163073908502,0.29083739284047483,0.5857493477780888,0.7477481565458495
0.3150589933223153,-0.2596077326863004,0.1674295462798587,-0.11529786311696578,0.2908498871720234,0.5856519447345926,0.7477463109379227
0.31512309517904563,-0.2595183778769522,0.16743664162343075,-0.11559272104486662,0.2908575859883285,0.5855916608916661,0.7477450061408806
0.31515667793042207,-0.2594715510774733,0.16744036965640938,-0.11574722440300927,0.29086160881321454,0.5855600796269097,0.7477442729362191
0.3151692937997838,-0.2594539573729503,0.16744177206933197,-0.11580527095248919,0.2908631181719481,0.5855482158676576,0.7477439886760141
0.3151711275345657,-0.25945139998862815,0.16744197599941454,-0.11581370833009463,0.29086333747467275,0.5855464914629095,0.7477439469573816
