0.06876367651427942,-0.4430848084350142,0.2403088927030997,0.5888183198056093,0.11738923773679878,0.7601673068901429,0.24831113277551597
0.06876643373916921,-0.44308407177092124,0.24030747148122467,0.5888149355437418,0.11739230987052554,0.7601665273564534,0.2483200917177505
0.06878540245540592,-0.44307900308298853,0.24029769418039518,0.588791650233298,0.11741344458244762,0.760161163468835,0.24838172477165327
0.0688358905943353,-0.44306550600664596,0.24027167205744132,0.5887296489497496,0.11746969390193489,0.7601468783572685,0.24854575994329553
0.06893223864490639,-0.44303972496658045,0.2402220199419445,0.5886112337258403,0.11757702025536411,0.7601195841479071,0.24885875036740496
0.06908783969480806,-0.4429980219216271,0.24014185087748524,0.5884197276375939,0.11775030696768297,0.7600754115071773,0.2493641075979282
0.06931515940280442,-0.44293694872511435,0.24002477204861067,0.5881393615016413,0.11800336572747178,0.7600106731734911,0.2501021267238787
0.06962575586324185,-0.4428532165375809,0.23986488164934808,0.5877551489939022,0.11834894185617402,0.759921823539416,0.25111000557765173
0.07003029930639657,-0.44274366358136674,0.23965676641110933,0.5872527554423905,0.11879871808280891,0.7598054161677297,0.25242185992774885
0.070538591564011,-0.4426052223868371,0.23939549956402661,0.5866183650151793,0.11936331739899367,0.7596580609518578,0.25406873620594966
0.07115958521953178,-0.4424348875475454,0.23907663905433893,0.5858385505142409,0.12005230545920062,0.7594763824620319,0.25607862301974643
0.0719014023581435,-0.4422296848762045,0.238696225880335,0.5849001494942883,0.12087419290006209,0.7592569808514413,0.25847646245001066
0.07277135283312855,-0.44198664273470195,0.2382507824400359,0.5837901499513285,0.12183643788134663,0.7589963965307335,0.2612841619339978
0.07377595197241779,-0.4417027661993655,0.23773731080529348,0.5824955883675222,0.12294544909987903,0.7586910796541202,0.26452060738488525
0.074920937662145,-0.4413750146170201,0.23715329084967726,0.5810034624567141,0.1242065894953104,0.7583373652960845,0.26820167809886253
0.07621128676204315,-0.4410002830078158,0.23649667816217865,0.5793006605284488,0.12562418085155555,0.7579314550345768,0.272340263945396
0.07765123082987341,-0.4405753876769906,0.23576590167638425,0.5773739089772939,0.12720150949764214,0.7574694054950969,0.2769462853202862
0.07924427115788948,-0.44009705630930346,0.23495986093656054,0.5752097390087255,0.12894083332393624,0.7569471242507455,0.2820267163581661
0.08099319315262295,-0.43956192273637384,0.23407792290936663,0.5727944733324964,0.13084339035112652,0.7563603733168117,0.28758561194403265
0.08290008011899867,-0.43896652648817747,0.2331199182341138,0.5701142331891459,0.13290940911673688,0.7557047803253951,0.2936241391247289
0.08496632653989433,-0.43830731716499843,0.2320861367870336,0.5671549657249092,0.135138121173927,0.7549758573166288,0.3001406135933284
0.08719265097169841,-0.4375806635948577,0.23097732241733282,0.5639024913947235,0.13752777602666397,0.7541690269390356,0.30713054199446194
0.08957910870419125,-0.4367828676734488,0.22979466669629176,0.560342570752359,0.14007565885081077,0.7532796557132202,0.31458667086944586
0.09212510435820308,-0.4359101827187029,0.22853980150653957,0.556460989681362,0.14277811136942026,0.7523030938813724,0.32249904311972083
0.0948294046161447,-0.4349588361101041,0.22721479028812583,0.5522436618311495,0.1456305562598823,0.7512347212409908,0.3308550629093216
0.09769015129784658,-0.43392505592382885,0.22582211775205416,0.547676746750374,0.14862752546842162,0.7500699982459552,0.339639569946396
0.1007048750065496,-0.4328051012187926,0.22436467787141695,0.5427467819561329,0.15176269279200508,0.7488045215528442,0.3488349240755544
0.10387050957678783,-0.43159529557607823,0.22284575996579503,0.5374408269446943,0.1550289110578065,0.7474340830966314,0.3584211010734882
0.10718340755691225,-0.43029206344541243,0.22126903270658263,0.5317466169396081,0.15841825418530453,0.7459547316990699,0.3683758004673088
0.11063935695384716,-0.4288919688079145,0.21963852588958582,0.5256527239890936,0.16192206435580495,0.7443628361466887,0.37867456608710615
0.11423359945625117,-0.4273917556249411,0.21795860984658258,0.5191487228695697,0.16553100443916452,0.7426551486249963,0.3892909199211317
0.11796085033461776,-0.42578838950921943,0.21623397239929243,0.5122253591293162,0.16923511573887087,0.7408288673626019,0.4001965096648629
0.12181532019322552,-0.4240791000274061,0.21446959329689005,0.5048747165188492,0.1730238810160412,0.738881697324953,0.41136127014627305
0.1257907387195892,-0.42226142302350106,0.2126707161211355,0.49709038100576725,0.17688629264254263,0.7368119078033579,0.4227535985723763
0.12988038054272286,-0.4203332423409327,0.21084281769049382,0.4888675985644993,0.18081092561597262,0.7346183857717872,0.43434054328110855
0.13407709327275563,-0.41829283031827647,0.20899157504521285,0.480203423967897,0.18478601504771577,0.7323006839321439,0.44608800540342713
0.13837332775207706,-0.41613888644000296,0.2071228301480372,0.4710968578897519,0.18879953761307364,0.7298590624383342,0.4579609525495904
0.1427611705031221,-0.41387057353973816,0.20524255248871096,0.4615489697559975,0.19283929633316096,0.7272945233801392,0.46992364333811176
0.1472323783111822,-0.4114875509794238,0.20335679983331964,0.4515630039575586,0.19689300794548892,0.7246088372186695,0.4819398612935135
0.15177841483331628,-0.40899000426342996,0.2014716774103762,0.44114446725845796,0.20094839201760198,0.7218045604945644,0.4939731563577521
0.1563904890776626,-0.4063786705917886,0.1995932958730168,0.4303011954966122,0.20499326086927644,0.7188850442760156,0.5059870919980449
0.1610595955523548,-0.4036548599107215,0.1977277284193525,0.41904339797833634,0.20901560929681756,0.7158544329735741,0.5179454956586963
0.16577655584094075,-0.4008204710807217,0.1958809674897186,0.4073836783062537,0.21300370304074717,0.7127176533193984,0.5298127101037553
0.17053206132273158,-0.3978780028515616,0.19405888148914668,0.39533703074834686,0.2169461649079434,0.709480393486615,0.541553843037693
0.17531671672286833,-0.39483055940847595,0.19226717200497626,0.38292081164643527,0.22083205745276427,0.7061490725058532,0.5531350122785008
0.18012108414891692,-0.39168185033294106,0.19051133200236803,0.3701546857677533,0.22465096113989122,0.7027308003166914,0.5645235836963423
0.18493572724922525,-0.38843618490336107,0.18879660548416918,0.3570605479151077,0.22839304695481316,0.6992333289673872,0.5756883991244266
0.18975125511364857,-0.38509846074385734,0.18712794909582275,0.34366242052045914,0.23204914249557307,0.6956649956426643,0.5865999914989605
0.19455836552994385,-0.3816741469115121,0.1855099961408984,0.329986328344587,0.23561079067034543,0.692034658352309,0.5972307845921507
0.19934788720936197,-0.37816926159208347,0.18394702344859074,0.3160601517827406,0.23907030023762313,0.6883516252491245,0.6075552748649726
0.2041108206027004,-0.37459034464971674,0.18244292150173338,0.3019134606241371,0.2424207875565883,0.6846255786599136,0.6175501931818818
0.20883837694316537,-0.3709444253459455,0.18100116819323883,0.28757733042375233,0.24565620906138358,0.6808664950047887,0.6271946443934544
0.2135220151744297,-0.36723898560588825,0.17962480653135127,0.273084143910859,0.24877138413070943,0.6770845618459106,0.6364702230993178
0.21815347645075736,-0.3634819192637984,0.17831642656075444,0.2584673800740683,0.251762008189375,0.6732900933452461,0.6453611042457158
0.22272481593030555,-0.3596814877650161,0.17707815170866986,0.24376139372244984,0.2546246560467582,0.6694934454213037,0.6538541075817073
0.2272284316219162,-0.3558462728361672,0.1759116297038666,0.22900118842328154,0.25735677564423,0.6657049318770348,0.6619387353866841
0.23165709008898408,-0.3519851266597394,0.17481802815333752,0.21421640843860695,0.2599960117358439,0.6619228792442886,0.6696054854689212
0.23600394886037923,-0.34810712010267914,0.17379803479761696,0.19945399276766318,0.2624619071015579,0.658180161941279,0.6768535487951599
0.24026257544691504,-0.34422148955158594,0.17285186240258266,0.18474393477458845,0.2647946571992706,0.654475487605723,0.683677778054819
0.2444269629115008,-0.3403375828996977,0.17197925818433793,0.17012153421644505,0.2669949635377782,0.6508182250971319,0.6900782498548425
0.248491541990921,-0.33646480521380645,0.17117951760549688,0.15562160593212893,0.26906424256663114,0.6472173362848487,0.6960575182781199
0.25245118981622006,-0.3326125645833041,0.17045150232685574,0.14127827206570245,0.27100457364711983,0.6436813205118775,0.7016205017875105
0.2563012353260694,-0.32879021861972463,0.16979366204886698,0.12712476587879226,0.2728186423823304,0.6402181664176103,0.7067743498867212
0.2600374615125174,-0.3250070220345269,0.16920405993315854,0.11319324885318124,0.27450968032927736,0.6368353114702138,0.7115282916962722
0.26365610468044415,-0.3212720756767241,0.1686804012560699,0.09951464245418672,0.2760814021282008,0.6335396093962221,0.7158934687942226
0.26715385094036,-0.3175942773615705,0.16822006491410108,0.08611847557917136,0.277537941073857,0.6303373055339964,0.7198827548153556
0.27052783018839177,-0.3139822747682106,0.16782013737545629,0.07303274836210333,0.2788837841225638,0.6272340199827878,0.7235105643986055
0.2737756078570834,-0.3104444206293138,0.16747744865250694,0.0602838126527911,0.2801237072787634,0.6242347382734783,0.7267926541215775
0.27689517474576114,-0.3069887303804983,0.1671886098568702,0.04789626914607719,0.28126271223855187,0.6213438091535436,0.7297459180650925
0.27988493525951225,-0.3036228423830595,0.16695005189165446,0.03589288080934334,0.2823059650876684,0.6185649489597264,0.732388180612971
0.28274369440130087,-0.300353980781228,0.16675806483393257,0.024294501952603936,0.2832587377609845,0.6159012519492072,0.734737989016716
0.28547064387237775,-0.2971889210059328,0.1666088375642504,0.013120022009954319,0.2841263528727587,0.6133552058749816,0.7368144081461367
0.28806534764205294,-0.29413395789167585,0.16649849720852072,0.0023863228589769765,0.28491413242496005,0.6109287120244864,0.7386368197103684
0.2905277273492273,-0.29119487633242336,0.1664231479705224,-0.007891751700514552,0.28562735079797885,0.6086231088925682,0.7402247280746372
0.29285804789499537,-0.2883769243668872,0.16637890894993101,-0.01770141585257499,0.2862711923269163,0.6064391986304115,0.7415975746218729
0.29505690357833153,-0.28568478855373897,0.166361950560915,-0.027031952724484432,0.28685071366993126,0.6043772754005381,0.7427745624201023
0.2971252051155766,-0.2831225714733611,0.16636852918941475,-0.035874718150082,0.28737081108518436,0.6024371547734796,0.7437744927613006
0.2990641678693486,-0.2806937711748638,0.16639501975291762,-0.04422313902836702,0.2878361926514824,0.6006182033230679,0.7446156149392426
0.30087530159380194,-0.27840126237524965,0.16643794585455696,-0.05207270806857584,0.2882513553962542,0.59891936761311,0.7453154904364592
0.3025604019810432,-0.2762472792116146,0.166494007253466,-0.059420976674026696,0.2886205672338043,0.5973392018170314,0.7458908724963281
0.3041215442681297,-0.2742333993468153,0.16656010440537913,-0.06626754764178164,0.2889478535673205,0.5958758932723132,0.7463576018674327
0.3055610791355536,-0.2723605292336892,0.16663335986142708,-0.07261406924657643,0.28923698836970974,0.5945272853416941,0.7467305193244145
0.30688163109656014,-0.2706288903520798,0.16671113634894605,-0.07846423213906956,0.2894914895304155,0.5932908970316175,0.7470233953924778
0.30808609954212435,-0.26903800624595453,0.16679105139603553,-0.08382377032413331,0.2897146182368591,0.592163938903849,0.7472488775303691
0.3091776625689974,-0.2675866902039417,0.1668709884017384,-0.08870046729894139,0.28990938214854056,0.591143324907203,0.747418454857022
0.3101597836779269,-0.26627303344483916,0.16694910409632202,-0.09310416822745164,0.2900785421173252,0.5902256798516569,0.7475424403372769
0.3110362213859889,-0.2650943936890089,0.16702383238155807,-0.09704679881224855,0.2902246222067455,0.589407342345664,0.7476299701685774
0.31181104175096236,-0.26404738401603745,0.16709388458945904,-0.10054239130160757,0.29034992276393745,0.5886843631180498,0.7476890199291589
0.3124886337567864,-0.26312786192751136,0.1671582462500564,-0.10360711784391251,0.2904565362973844,0.5880524987476318,0.7477264368543286
0.3130737274574163,-0.2623309185500247,0.16721617051488552,-0.10625933117840053,0.2905463659092831,0.5875072009255512,0.7477479873961895
0.3135714147217889,-0.2616508679265141,0.1672671684433227,-0.10851961243559219,0.29062114602030664,0.5870436014764444,0.747758418988538
0.3139871723651795,-0.26108123635244673,0.1673109964241687,-0.11041082561767568,0.29068246510413115,0.5866564934641157,0.7477615346778657
0.3143268873919327,-0.26061475171630105,0.16734764107531136,-0.11195817814310292,0.2907317901168017,0.586340308804428,0.7477602789888514
0.3145968840114482,-0.2602433328000647,0.1673773020402283,-0.11318928667512275,0.2907704922596317,0.5860890929020266,0.7477568330642976
0.3148039520233855,-0.25995807848434077,0.1674003731818376,-0.11413424731436174,0.2907998736519159,0.585896476917491,0.747752716751792
0.314955376099257,-0.2597492567834807,0.1674174227619777,-0.1148257091234835,0.2908211944100596,0.5857556483571562,0.7477488948998072
0.3150589654159863,-0.259606293608501,0.16742917328881723,-0.11529894986888081,0.29083569953178434,0.5856593207589686,0.7477458846728174
0.3151230830223307,-0.2595177611195265,0.16743648181484924,-0.1155919528096749,0.29084464486810496,0.5855997033244955,0.7477438601977648
0.31515667424126664,-0.25947136548548366,0.16744032157494532,-0.11574548333548881,0.29084932133225505,0.5855684714205318,0.7477427503133831
0.3151692933300814,-0.25945393381779924,0.1674417659672341,-0.11580316424615185,0.29085107634564034,0.5855567389450996,0.7477423246113207
0.3151711275345654,-0.2594513999886292,0.1674419759994145,-0.11581154846975822,0.2908513313588366,0.5855550336248441,0.7477422623367204
