0.26180137875530735,-2.0071302025504547,-1.5707948531663871,0.17452802811885001,0.26179560057635787,1.134489595975108,-2.0071263413486826
0.261808289694594,-2.007121873342523,-1.5707965039906822,0.17452913299935352,0.2617972986416575,1.1344906839863413,-2.007113779036368
0.2618558344745772,-2.007064571442557,-1.5708078610385818,0.17453673417588786,0.2618089806803597,1.1344981691213556,-2.0070273548318442
0.2619823821666067,-2.00691205426696,-1.5708380891937914,0.17455696591353007,0.26184007354594546,1.1345180915782456,-2.006797322888593
0.26222387697085026,-2.0066210041588293,-1.570895772525172,0.17459557498708436,0.2618994055202586,1.1345561085150992,-2.006358342545519
0.2626138885154702,-2.0061509707629845,-1.5709889242876682,0.17465792896266605,0.26199521517470786,1.1346175004316075,-2.0056493836915252
0.2631836621093563,-2.0054643143960926,-1.5711249962744376,0.17474902454387048,0.2621351591625621,1.1347071771207182,-2.0046136313643435
0.2639621689577751,-2.0045261500707885,-1.5713108877423128,0.1748734959591851,0.2623263192785225,1.1348296833173213,-2.003198389749539
0.26497615635026417,-2.003304291934184,-1.57155295407095,0.17503562337703743,0.2625752090815993,1.1349892041415333,-2.0013549858486432
0.2662501978275802,-2.001769197882903,-1.5718570153143245,0.1752393413297083,0.2628877803480688,1.135189570442917,-1.999038673007722
0.26780674333201415,-1.9998939141507768,-1.5722283647821254,0.17548824713082467,0.2632694295924508,1.1354342641307733,-1.996208534487335
0.2696661693434377,-1.9976540196932984,-1.5726717777706694,0.17578560927352402,0.2637250048664372,1.1357264235603257,-1.9928273872367008
0.27184682900227,-1.9950275702154718,-1.573191520547755,0.17613437579731742,0.26425881301835447,1.1360688490361224,-1.9888616860094281
0.27436510221977767,-1.991995041713291,-1.5737913596795954,0.17653718261358606,0.26487462756912733,1.136464008483426,-1.9842814279388032
0.2772354457758373,-1.9885392734209033,-1.5744745717723334,0.17699636178151418,0.2655756973348292,1.1369140433294225,-1.9790600576713568
0.28047044340459426,-1.9846454100752566,-1.5752439536858105,0.17751394972783355,0.26636475590070424,1.1374207746293667,-1.9731743731375992
0.28408085586893284,-1.9803008434299663,-1.5761018332621126,0.17809169540599604,0.267244032027265,1.137985709464952,-1.9666044320230198
0.28807567102572407,-1.9754951529661078,-1.5770500805983931,0.17873106839158623,0.2682152610455895,1.1386100476389969,-1.959333458982167
0.29246215388482016,-1.9702200457653294,-1.5780901198794761,0.17943326691309242,0.26927969727667755,1.1392946886840216,-1.9513477536254902
0.29724589666611284,-1.9644692955243543,-1.579222941774203,0.18019922581830908,0.2704381274885626,1.1400402392003353,-1.9426365992908345
0.30243086886021076,-1.9582386807044676,-1.5804491163877552,0.1810296244785162,0.2716908853851231,1.1408470205349162,-1.9331921725991512
0.30801946729953117,-1.9515259218214929,-1.5817688067524,0.1819248946337463,0.27303786710226713,1.1417150768105735,-1.92300945377976
0.3140125662477201,-1.9443306178933473,-1.5831817828300696,0.18288522818381325,0.2744785476705155,1.1426441833121013,-1.912086137739346
0.32040956751630717,-1.9366541820719867,-1.5846874359928542,0.1839105849305565,0.27601199838806667,1.1436338552347862,-1.9004225458373303
0.32720845061813664,-1.9284997764961431,-1.5862847939410185,0.18500070027788185,0.2776369050353617,1.144683356797864,-1.8880215383220271
0.3344058229676903,-1.9198722464086215,-1.5879725360137056,0.1861550928964459,0.2793515868508818,1.1457917107246056,-1.8748884273725852
0.3419969701386008,-1.910778053589283,-1.5897490088438702,0.1873730723604126,0.2811540161786243,1.1469577080882412,-1.8610308906856006
0.3499759061886333,-1.9012252091608102,-1.5916122423069639,0.1886537467638288,0.28304183869025906,1.148179918521046,-1.8464588855395523
0.3583354240621894,-1.891223205829339,-1.593559965712156,0.18999603032408602,0.28501239407942724,1.1494567007819292,-1.8311845632654726
0.36706714607991153,-1.8807829496264163,-1.5955896241851961,0.1913986509797578,0.28706273712191666,1.150786213675412,-1.8152221840491987
0.3761615745243304,-1.8699166912224834,-1.5976983951932886,0.19286015798979225,0.2891896589934961,1.1521664273120085,-1.7985880319888279
0.3856081423297378,-1.8586379568843827,-1.5998832051649228,0.19437892954040176,0.29138970873681574,1.153595134697877,-1.781300330328924
0.3953952638835747,-1.8469614791522677,-1.6021407461601875,0.19595318036559517,0.29365921477002366,1.1550699636375559,-1.7633791567944117
0.405510385945704,-1.8349031273120202,-1.6044674925511533,0.19758096938636432,0.29599430633227675,1.156588388931479,-1.744846358946206
0.4159400386909023,-1.822479837741143,-1.606859717675394,0.19926020737312658,0.29839093476519535,1.1581477448452004,-1.7257254694841255
0.4266698868789757,-1.809709544205585,-1.6093135104304697,0.20098866463489773,0.3008448945341584,1.1597452378250923,-1.7060416214229095
0.43768478115579323,-1.7966111081859313,-1.611824791780966,0.20276397873833218,0.30335184389925984,1.1613779594300966,-1.685821463072232
0.4489688094876309,-1.7832042493100972,-1.6143893311543545,0.20458366225868352,0.30590732515228286,1.1630428994465403,-1.6650930727534397
0.4605053487301047,-1.7695094759693433,-1.6170027627056656,0.20644511056435844,0.3085067843433629,1.1647369591484271,-1.643885873190922
0.47227711633206265,-1.7555480161925978,-1.619660601434939,0.2083456096358333,0.3111455904286468,1.166456964662739,-1.6222305455193426
0.48426622217365445,-1.7413417488529588,-1.6223582591443817,0.2102823439194482,0.3138190537783781,1.1681996803948462,-1.6001589428538718
0.4964542205367914,-1.7269131352775027,-1.6250910602252469,0.21225240421585254,0.3165224439929891,1.1699618224668307,-1.5777040033741794
0.5088221622049737,-1.7122851513296697,-1.627854257266284,0.21425279560271038,0.31925100698316833,1.1717400721175855,-1.5548996628793292
0.5213506466882438,-1.6974812200299827,-1.6306430464774635,0.21628044539074553,0.3219999812780485,1.1735310890118995,-1.5317807667746233
0.5340198745675455,-1.6825251447782925,-1.633452582923136,0.21833221111224138,0.32476461353388136,1.175331524402531,-1.5083829814581557
0.5468096999512442,-1.6674410432364637,-1.636277995559292,0.22040488854071605,0.3275401732233556,1.1771380340885587,-1.4847427050788113
0.559699683034759,-1.652253281926987,-1.6391144020686808,0.2224952197406312,0.33032196649340795,1.1789472911113206,-1.4608969776439358
0.5726691427522679,-1.6369864115982071,-1.6419569234865499,0.22459990114587525,0.333105349186502,1.1807559981293365,-1.4368833904593419
0.5856972095072638,-1.621665103402265,-1.6448006986077819,0.22671559166583874,0.335885739027217,1.1825608994135117,-1.4127399948898158
0.5987628779662567,-1.6063140859268765,-1.6476408981636554,0.22883892081806173,0.3386586269823327,1.1843587924045909,-1.3885052104336755
0.611845059897261,-1.5909580831163472,-1.650472738753616,0.23096649688653884,0.34141958780845855,1.1861465387766525,-1.3642177321094322
0.6249226370318683,-1.575621753111526,-1.653291496513968,0.23309491510486854,0.34416428980664054,1.1879210749527156,-1.3399164371576544
0.6379745139265861,-1.5603296280324173,-1.6560925205016166,0.23522076586381174,0.34688850380833924,1.1896794220211986,-1.3156402910662128
0.6509796707960516,-1.545106054720353,-1.658871245767304,0.23734064294274188,0.3495881114214974,1.1914186950064762,-1.2914282529308396
0.6639172162874134,-1.5299751364503094,-1.6616232060886356,0.23945115176490786,0.3522591125694738,1.1931361114506098,-1.2673191801682318
0.676766440162058,-1.514960675616699,-1.664344046329567,0.24154891767641534,0.35489763235909544,1.1948289992691337,-1.2433517326025287
0.689504222184626,-1.5000898504363493,-1.6670327104649034,0.24363936557336444,0.357546157541596,1.19646613034643,-1.219521756344711
0.7021159063699456,-1.4853785649709161,-1.6696785786262873,0.24570098971156695,0.3601076973759166,1.1981057797862174,-1.1959518417737869
0.7145787445061071,-1.4708527916817957,-1.6722810455818058,0.24773996423140934,0.36262593905235535,1.1997135329748874,-1.1726374087685627
0.726873274308922,-1.4565345739762474,-1.6748363156739723,0.24975307772116018,0.36509756603698673,1.2012872206911753,-1.1496153567649363
0.7389804752318659,-1.4424453819524703,-1.6773407591631404,0.2517371804796298,0.36751941293440704,1.2028248115461868,-1.1269218993720906
0.7508818197357569,-1.4286060605996262,-1.6797909214893987,0.25368919293422704,0.3698884692282706,1.204324415117482,-1.1045924653530244
0.7625593241659528,-1.4150367787871574,-1.682183531870433,0.2556061140835311,0.37220188267056037,1.2057842842958761,-1.0826615992309019
0.7739955991932388,-1.401756978986793,-1.6845155111983252,0.2574850299642699,0.37445696237220233,1.207202816869517,-1.061162861568328
0.7851738997774249,-1.388785327663876,-1.6867839792035517,0.25932312214229436,0.3766511816485314,1.2085785563786167,-1.0401287289691907
0.7960781746169429,-1.376139666267674,-1.688986260861774,0.261117676226754,0.37878218067372765,1.2099101922839108,-1.0195904938535514
0.8066931150533506,-1.3638369627445963,-1.6911198920276302,0.26286609040645137,0.38084776899884815,1.2111965595000613,-0.9995781640582537
0.8170042034067799,-1.3518932634924223,-1.6931826242904375,0.26456588400686154,0.382845927988159,1.2124366373542643,-0.9801203623161746
0.8269977607269372,-1.3403236456689205,-1.695172429058729,0.26621470606597414,0.38477481322839335,1.2136295480379324,-0.9612442256679034
0.8366609939542181,-1.329142169764033,-1.6970875008941426,0.2678103439266729,0.386632756965095,1.214774554626866,-0.9429753048594344
0.845982042496647,-1.3183618323416415,-1.6989262601298587,0.2693507318429977,0.38841827061943707,1.215871058751701,-0.9253374637792487
0.8549500242406838,-1.3079945188543638,-1.7006873548244497,0.27083395959719936,0.39013004743773994,1.2169185980062787,-0.9083527789868449
0.8635550810268331,-1.2980509564338178,-1.7023696621179807,0.2722582811242488,0.3917669653244782,1.2179168431857486,-0.8920414393840455
0.8717884236345871,-1.288540666557983,-1.7039722890735776,0.2736221231399891,0.3933280899075444,1.218865595450303,-0.8764216460776091
0.8796423763346567,-1.27947191749853,-1.7054945731031665,0.2749240937690487,0.39481267788241614,1.2197647835118606,-0.8615095124804548
0.8871104210796632,-1.2708516764522955,-1.7069360820911832,0.2761629911682527,0.39622018067907905,1.220614460942791,-0.8473189646949357
0.8941872414167087,-1.2626855612643868,-1.7082966143431009,0.2773378121412784,0.3975502484926961,1.2214148037045498,-0.8338616422194727
0.9008687662161697,-1.2549777916541345,-1.7095761984970148,0.27844776074017974,0.398802734715627,1.222166107992764,-0.8211467990158693
0.9071522133202428,-1.2477311398599844,-1.7107750935452555,0.27949225684937146,0.3999777008047807,1.2228687884921459,-0.8091812049706709
0.9130361332213824,-1.2409468806258288,-1.7118937891183206,0.2804709447479413,0.4010754216145674,1.223523377129421,-0.7979690477808759
0.9185204528850233,-1.234624740457704,-1.7129330061858112,0.2813837016460969,0.40209639122147806,1.2241305224073178,-0.7875118352889606
0.9236065198317224,-1.2287628460882287,-1.7138936983268536,0.2822306461921296,0.4030413292623156,1.2246909893943456,-0.7778082982891964
0.9282971465917471,-1.2233576720941703,-1.7147770537170437,0.2830121469462114,0.4039111878033686,1.225205660437812,-0.7688542938210975
0.932596655638939,-1.218403987623153,-1.7155844979681654,0.28372883081828715,0.40470715875366153,1.2256755366559178,-0.7606427089635567
0.9365109249016603,-1.2138948021948899,-1.7163176979431667,0.28438159146727277,0.4054306818302267,1.2261017402555883,-0.753163365136065
0.9400474339355288,-1.2098213105546898,-1.7169785666497996,0.28497159765982555,0.40608345307872595,1.2264855177087892,-0.746402922910855
0.9432153108269296,-1.2061728365683198,-1.7175692692944844,0.28550030158717854,0.4066674339471157,1.2268282438082474,-0.7403447873327843
0.9460253798773249,-1.2029367761613716,-1.7180922305517201,0.2859694471395993,0.40718486090470946,1.2271314266076543,-0.7349690137403088
0.9484902100974467,-1.200098539319279,-1.7185501430763133,0.2863810781383403,0.4076382555922901,1.2273967132380248,-0.7302522140725911
0.9506241645172621,-1.197641491180923,-1.7189459772538096,0.28673754652632,0.40803043548271095,1.2276258965730111,-0.7261674636446649
0.9524434502937499,-1.1955468922736678,-1.719282992152613,0.2870415205190348,0.4083645250230364,1.2278209227012769,-0.7226842083622844
0.9539661695736932,-1.1937938379558013,-1.7195647476072167,0.28729599271832684,0.40864396722090857,1.2279838991450032,-0.7197681723410274
0.9552123710436765,-1.192359197153364,-1.719795117326645,0.28750428819318896,0.4088725356286727,1.2281171037417937,-0.7173812658893536
0.9562041020761907,-1.191217550494575,-1.7199783028905007,0.2876700725312408,0.40905434666606033,1.2282229940939422,-0.7154814937960644
0.9569654613568341,-1.1903411279718914,-1.7201188484588943,0.28779735986720867,0.4091938722115658,1.2283042174610965,-0.714022863861135
0.9575226518562142,-1.1896997462839443,-1.720221655990744,0.2878905208953257,0.4092959523780208,1.228363620952989,-0.712955295593046
0.957904033990934,-1.1892607460313092,-1.720292000735775,0.28795429087205693,0.40936580837059583,1.2284042618627309,-0.7122245289733194
0.9581401787975146,-1.1889889289774105,-1.7203355467292414,0.2879937776208219,0.4094090553125543,1.2284294179413953,-0.711772033195082
0.958263920929773,-1.1888464955964864,-1.720358361999588,0.2880144695441999,0.40943171489694624,1.2284425974199094,-0.7115349152264802
0.9583104112677389,-1.1887929831927493,-1.7203669331520113,0.2880222436628319,0.40944022771650385,1.2284475485087154,-0.7114458280968339
0.9583171689190232,-1.1887852048656455,-1.7203681789866425,0.2880233736850258,0.409441465089628,1.2284482681487412,-0.7114328786849888
