0.01943349838256836
0.006005525588989258
0.008793830871582031
0.013138532638549805
0.006011486053466797
0.01600480079650879
0.01051473617553711
0.0
0.004360675811767578
0.019012928009033203
0.011004924774169922
0.01000213623046875
0.016013145446777344
0.01608872413635254
0.015707969665527344
0.015714168548583984
0.011591911315917969
0.01582646369934082
0.015714406967163086
0.010009050369262695
0.02486419677734375
0.00897669792175293
0.0010597705841064453
0.010001897811889648
0.0
0.008538484573364258
0.015581846237182617
0.008650779724121094
0.010503053665161133
0.005505800247192383
0.009453535079956055
0.015112638473510742
0.004503011703491211
0.010514497756958008
0.009004354476928711
0.00997304916381836
0.009481430053710938
0.019792795181274414
0.010001659393310547
0.01465296745300293
0.005083799362182617
0.0
0.0050046443939208984
0.0
0.010002374649047852
0.015508174896240234
0.005506038665771484
0.0060024261474609375
0.005506277084350586
0.01000213623046875
0.0
0.005004405975341797
0.0
0.01000213623046875
0.017127037048339844
0.0
0.015623807907104492
0.01105499267578125
0.01573777198791504
0.01571369171142578
0.010001659393310547
0.01000213623046875
0.010001897811889648
0.01609063148498535
0.006088972091674805
0.015623331069946289
0.01570415496826172
0.01569962501525879
0.010561466217041016
0.009004592895507812
0.013949871063232422
0.006503582000732422
0.0
0.0
0.016107797622680664
0.006001710891723633
0.005506038665771484
0.0035429000854492188
0.0
0.0
0.010568380355834961
0.015712499618530273
0.010001897811889648
0.0
0.015704631805419922
0.0166780948638916
0.010001897811889648
0.006002187728881836
0.0060024261474609375
0.0
0.004504203796386719
0.014503717422485352
0.015722036361694336
0.011053800582885742
0.003004312515258789
0.0
0.015712976455688477
0.0055544376373291016
0.015723705291748047
0.0
0.0031359195709228516
