0.06876367651427942,-0.4430848084350142,0.2403088927030997,0.5888183198056093,0.11738923773679878,0.7601673068901429,0.24831113277551597
0.0687664109556887,-0.44308370342639003,0.24030725249830123,0.5888149017806248,0.1173922934618369,0.7601665829978481,0.24832000920227673
0.06878522273679155,-0.4430761006068943,0.24029596879169865,0.5887913842648129,0.11741331529163287,0.7601616018942562,0.24838107458764105
0.06883529152675989,-0.4430558580962229,0.2402659381437459,0.5887287655500796,0.11746926419004221,0.7601483355463011,0.24854359889306724
0.06893083269582864,-0.4430172027027359,0.24020864048962343,0.5886091745599069,0.1175760173699873,0.7601229851735517,0.2488537063701598
0.06908511228043342,-0.44295470264135256,0.24011613518942296,0.5884157765375383,0.11774837877262218,0.7600819509739554,0.24935440846668538
0.06931046066903115,-0.4428632355678856,0.23998105910459813,0.588132661795973,0.1180000865367651,0.7600217957814446,0.2500856286219734
0.06961828535740161,-0.44273795350713246,0.23979662611695585,0.5877447231874581,0.1183438182947164,0.7599392047357205,0.2510842212134527
0.07001908306210247,-0.4425742461048811,0.23955662759401508,0.587237527406809,0.1187911949931286,0.7598309428629653,0.25238398654672806
0.07052245142620528,-0.4423677034930902,0.23925543338466101,0.5865971847244076,0.11935278381276648,0.7596938122912811,0.25401568344470815
0.07113710050409314,-0.4421140799213699,0.2388879929998393,0.5858102212471524,0.12003810065235752,0.7595246106534858,0.25600704069577374
0.07187086417297467,-0.44180925917560726,0.23844983669342057,0.5848634573262831,0.12085561255146185,0.759320092060936,0.25838276837229235
0.07273071158831404,-0.44144922267561215,0.23793707620780352,0.5837438952684444,0.12181274035645216,0.7590769318642516,0.26116456983141717
0.07372275877859308,-0.44103002101774025,0.23734640498736717,0.5824386190596842,0.12291586188222443,0.7587916962499264,0.2643711550599979
0.07485228046132196,-0.4405477496055182,0.23667509769100328,0.5809347083809365,0.12417031578930134,0.758460817555807,0.2680182559224622
0.07612372215627687,-0.43999852889141383,0.23592100885358913,0.5792191687777574,0.12558040637990706,0.7580805760236833,0.2721186438108602
0.07754071267262361,-0.4393784896361928,0.2350825705565668,0.5772788794465582,0.1271494095151433,0.7576470885442211,0.276682150174784
0.07910607705271105,-0.4386837634789354,0.23415878897125467,0.5751005597142395,0.12887957986598308,0.7571563047888098,0.28171569041942174
0.08082185006563294,-0.43791047900098024,0.23314923963673143,0.572670754917884,0.13077215973035564,0.7566040109652232,0.2872232916958084
0.08268929035677713,-0.43705476336099947,0.23205406132880965,0.5699758420358375,0.13282738967402993,0.7559858412800472,0.293206125161158
0.08470889537413448,-0.4361127494763532,0.23087394836950834,0.5670020550810339,0.13504452128103223,0.7552972970412866,0.29966254335166337
0.08688041720675371,-0.43508058862810334,0.2296101412192442,0.5637355299417668,0.13742183232676228,0.7545337731902838,0.306588123378033
0.08920287948408004,-0.4339544682739242,0.2282644151883194,0.5601623680444063,0.13995664471076452,0.753690591913838,0.31397571671827756
0.09167459549579035,-0.43273063476504203,0.22683906710166096,0.5562687179172056,0.14264534550342506,0.7527630428561889,0.3218155064362942
0.09429318769904363,-0.431405420580773,0.22533689975248153,0.5520408734550196,0.14548341146920346,0.7517464293272955,0.33009507269264576
0.09705560878284739,-0.4299752756177826,0.22376120398762706,0.5474653874225108,0.14846543742627297,0.7506361197897737,0.33879946743036327
0.09995816445674882,-0.42843680200155204,0.22211573828069436,0.5425291984896795,0.15158516878694892,0.7494276038031349,0.34791129910922647
0.10299653812271956,-0.4267867918254625,0.22040470566905884,0.5372197698702043,0.15483553859388485,0.7481165515119604,0.3574108283233713
0.10616581757455767,-0.42502226716921354,0.21863272795797803,0.5315252374322929,0.15820870932309122,0.7466988756857398,0.36727607506686066
0.10946052384826632,-0.4231405217038628,0.2168048171288813,0.5254345649761363,0.16169611966627997,0.7451707952537084,0.37748293830868995
0.11287464231975682,-0.42113916315645233,0.21492634392941135,0.5189377042244098,0.1652885364324238,0.743528899229618,0.38800532840248303
0.11640165611322148,-0.4190161558838295,0.2130030036691024,0.5120257569555966,0.16897611162273263,0.7417702098902702,0.39881531268778364
0.12003458184515006,-0.41676986279359707,0.21104077929580925,0.504691136627175,0.17274844463615885,0.7398922440591129,0.4098832744415515
0.12376600768600263,-0.41439908585081014,0.20904590188294203,0.4969277267898727,0.1765946494561028,0.7378930713532484,0.4211780851134059
0.12758813367493052,-0.4119031044224486,0.20702480871483656,0.4887310335877842,0.18050342655578924,0.7357713682795973,0.43266728953065553
0.13149281417378464,-0.40928171073813807,0.20498409921561933,0.48009832967444993,0.18446313914272539,0.7335264671141102,0.44431730349436854
0.1354716022961999,-0.40653524178496314,0.20293048902406227,0.47102878695350736,0.188461893244969,0.7311583985668575,0.45609362291176336
0.13951579609715428,-0.40366460700623547,0.20087076257144051,0.4615235956751551,0.19248762102703287,0.7286679273250514,0.467961043329723
0.1436164862594528,-0.4006713112380683,0.19881172456960103,0.45158606758633085,0.19652816661465505,0.7260565796746943,0.47988388845644825
0.14776460496751384,-0.3975574723926331,0.19676015086068968,0.4412217210421917,0.20057137360881555,0.723326662528048,0.49182624599066943
0.15195097561699888,-0.39432583348172995,0.19472273911676855,0.4304383462370921,0.2046051733836548,0.7204812733265473,0.5037522088279901
0.15616636297253167,-0.3909797686672308,0.19270605990556947,0.41924604900155976,0.20861767319334806,0.7175243004445949,0.5156261194891797
0.16040152335616636,-0.3875232831241782,0.1907165086568049,0.40765727193349743,0.212597243062298,0.7144604138859045,0.5274128154226351
0.1646472544273963,-0.38396100660581006,0.18876025907099808,0.3956867919815594,0.21653260040330727,0.7112950462373159,0.539077872679058
0.16889444410213092,-0.38029818070524757,0.1868432185092377,0.3833516939700901,0.22041289130144656,0.7080343640215567,0.5505878453462161
0.1731341181537846,-0.37654063991373127,0.1849709858874414,0.3706713199409174,0.22422776741803072,0.7046852297663507,0.5619104980698699
0.177357486044717,-0.37269478667772366,0.18314881257285986,0.3576671945798785,0.22796745750980107,0.701255155278439,0.5730150289768051
0.18155598455077723,-0.3687675607545847,0.18138156674416447,0.34436292738686053,0.2316228326226498,0.6977522467734969,0.5838722803592825
0.18572131876540013,-0.36476640325669646,0.17967370163041602,0.33078409262888125,0.23518546410583535,0.6941851426625852,0.5944549345774973
0.18984550010207207,-0.36069921585479514,0.1780292279896305,0.31695808847774776,0.23864767369981105,0.6905629449290421,0.6047376927868224
0.19392088095429458,-0.3565743156811607,0.17645169112590914,0.3029139770689566,0.24200257507597286,0.6868951451432908,0.6146974342971047
0.19794018571942407,-0.3524003865307064,0.1749441526767682,0.28868230751897356,0.24524410634680735,0.6831915462541007,0.6243133546181817
0.20189653794582374,-0.3481864270018804,0.17350917733107063,0.27429492419703516,0.24836705321651512,0.6794621813612127,0.6335670805338214
0.20578348342030442,-0.3439416962488482,0.1721488245646128,0.2597847627591722,0.2513670626013016,0.6757172307143532,0.642442760869075
0.20959500907344977,-0.33967565803144556,0.17086464540673157,0.24518563661164644,0.25424064671107266,0.6719669381967321,0.6509271319662336
0.21332555764266264,-0.3353979237499026,0.1696576841789941,0.23053201657498332,0.25698517774602914,0.6682215285370361,0.6590095572541724
0.21697003809516463,-0.33111819513786633,0.16852848507775178,0.2158529696800701,0.2596383550553899,0.6644794021251852,0.666680241356966
0.22052383187432348,-0.32684620726060926,0.16747710340753041,0.20119506436087514,0.26211934049538516,0.6607731203419668,0.6739383360876783
0.2239827950912299,-0.3225916724266727,0.1665031212131589,0.18658775756065313,0.26446836230075976,0.6571015070729771,0.6807783071403373
0.22734325683821938,-0.318364225571987,0.16560566700625043,0.17206591052797987,0.26668600636780104,0.6534739391821313,0.6871999034135254
0.23060201385099244,-0.3141733716173573,0.16478343923690036,0.15766393531188652,0.2687735672912808,0.6498994106554897,0.693205315225681
0.23375632179027744,-0.31002843523491735,0.16403473312480515,0.14341559048021552,0.2707329979297442,0.646386476395991,0.6987990665216716
0.23680388345197378,-0.30593851338860245,0.1633574704356469,0.1293537876622371,0.2725668543251045,0.6429432030911655,0.7039878870688207
0.239742834245976,-0.3019124309397527,0.16274923176858164,0.11551041059837702,0.27427823696942105,0.6395771275221158,0.7087805666910598
0.24257172530818252,-0.29795869953355086,0.16220729090874186,0.10191614806714336,0.27587072942653096,0.6362952225237746,0.713187793783832
0.24528950462754354,-0.2940854799068478,0.16172865079442716,0.0886003417300378,0.2773483353092787,0.6331038706497848,0.7172219805016806
0.24789549658054869,-0.2903005476847295,0.16131008065146213,0.07559084959744682,0.27871541458585836,0.6300088454438287,0.7208970771142736
0.25038938026965374,-0.2866112626633944,0.16094815385635952,0.06291392548026248,0.27997662014297137,0.6270153000761303,0.7242283780855474
0.2527711670602558,-0.2830245415118292,0.16063928610455874,0.0505941144607253,0.2811368354715202,0.6241277629719562,0.7272323224462842
0.25504117770354845,-0.2795468337654802,0.16037977347925403,0.038654164099060445,0.28220111426496747,0.6213501399407028,0.7299262910055251
0.2572000194205761,-0.27618410093246065,0.16016583003925883,0.027114950796147713,0.2831746226342683,0.6186857222113733,0.7323284028842891
0.2592485633067696,-0.2729417984874486,0.15999362457007843,0.015995420462452427,0.2840625845494502,0.6161371996943614,0.7344573137603753
0.26118792239689964,-0.2698248604907401,0.1598593161700269,0.005312542404551276,0.2848702310195694,0.6137066787213157,0.736332018090283
0.26301943070846623,-0.26683768654012924,0.15975908837206187,-0.004918724863495622,0.28560275342290703,0.611395703464817,0.7379716574284767
0.264744623557664,-0.2639841307414329,0.15968918153132478,-0.014685457343030665,0.28626526130074786,0.6092052802076359,0.7393953368003997
0.2663652194168998,-0.26126749236944213,0.15964592323759969,-0.023976780393830586,0.2868627448334552,0.6071359036169629,0.740621950908678
0.26788310355682476,-0.25869050788456377,0.15962575654060746,-0.03278387636955572,0.28740004212909515,0.6051875841814243,0.74167002176644
0.26930031368949064,-0.2562553439710614,0.15962526580388947,-0.04109998676373972,0.2878818113743791,0.6033598759868599,0.7425575491616444
0.2706190278027768,-0.2539635912700905,0.15964120002985982,-0.04892041059073776,0.288312507826629,0.6016519040394641,0.7433018751651588
0.27184155434992396,-0.2518162584941454,0.15967049352434715,-0.05624250069415517,0.2886963655647138,0.6000623903905744,0.7439195637057429
0.2729703249318974,-0.24981376662838894,0.159710283793692,-0.06306565960767307,0.2890373838669344,0.5985896783746475,0.7444262960488055
0.2740078895843599,-0.24795594294806467,0.15975792659142612,-0.06939133649248734,0.2893393180445696,0.5972317543392751,0.7448367828337439
0.27495691475513734,-0.24624201460900175,0.15981100805505555,-0.07522302654526286,0.28960567453068375,0.595986266322003,0.7451646931467949
0.2758201840319056,-0.24467060159948412,0.1598673538968992,-0.0805662741142276,0.2898397100039101,0.5948505392117263,0.7454226009316586
0.27660060165315487,-0.24323970887563767,0.15992503563685273,-0.08542868058308976,0.29004443431473464,0.5938215860212382,0.7456219488669169
0.2773011988077801,-0.2419467175383304,0.15998237388990777,-0.08981991788709859,0.29022261697561225,0.5928961149907835,0.7457730296648019
0.2779251426994752,-0.24078837494655358,0.16003793874793237,-0.09375174831760516,0.290376796973883,0.5920705323390405,0.7458849845668873
0.27847574832090943,-0.23976078369955217,0.16009054732431638,-0.09723805105583844,0.2905092956655017,0.5913409405766529,0.7459658186248991
0.2789564928488299,-0.23885938945688445,0.1601392585623283,-0.10029485565811695,0.29062223250556707,0.5907031323972411,0.7460224321547476
0.2793710325342154,-0.23807896760119135,0.16018336544419548,-0.10294038249873398,0.2907175433657143,0.5901525802607266,0.7460606675345008
0.2797232219207383,-0.2374136087820377,0.16022238477870898,-0.10519508996813434,0.2907970011760867,0.5896844218827489,0.746085370277691
0.28001713517956434,-0.2368567034098361,0.16025604479136024,-0.10708172802787767,0.2908622386079513,0.5892934419411204,0.746100463047519
0.28025708929831755,-0.23640092519592687,0.1602842707932401,-0.10862539754478547,0.2909147724798369,0.5889740504046616,0.7461090309808409
0.2804476688064477,-0.23603821385751722,0.16030716926385513,-0.1098536146691105,0.2909560295229487,0.5887202579805818,0.7461134163595029
0.28059375165778816,-0.2357597571238691,0.16032501074910477,-0.11079637938885781,0.29098737307877925,0.5885256492631592,0.7461153202973443
0.28070053582350574,-0.2355559721923276,0.16033821204934895,-0.11148624728737627,0.2910101302220005,0.5883833542482044,0.74611590870158
0.2807735660746962,-0.23541648678930865,0.16034731825402898,-0.11195840345524682,0.2910256187039563,0.5882860189545959,0.7461159193156817
0.2808187603534919,-0.23533011999220843,0.16035298526876873,-0.11225073746003024,0.29103517299648746,0.5882257759661323,0.7461157661567176
0.28084243504472667,-0.23528486296391193,0.16035596357816917,-0.11240391825581465,0.2910401685830703,0.5881942157749832,0.7461156371238512
0.2808513283672062,-0.23526785974298836,0.1603570840922806,-0.11246146791371384,0.29104204349602025,0.5881823598736858,0.7461155799779116
0.2808526210047071,-0.23526538822156035,0.16035724703642246,-0.11246983306539154,0.2910423159375349,0.5881806366087658,0.7461155712773098
