0.06876367651427948,-0.4430848084350143,0.24030889270309969,0.588822767945471,0.11738392638754516,0.7601622175799279,0.2483186757753909
0.0687664211965366,-0.44308407842802416,0.24030747923058424,0.5888193860505161,0.117387020426543,0.7601614461107676,0.24832759390220488
0.0687853036341618,-0.4430790555445441,0.2402977552388903,0.5887961170317908,0.11740830583882796,0.7601561377132077,0.24838894618175175
0.06883556221610598,-0.44306568043459565,0.24027187497509161,0.5887341592918065,0.11746495615057989,0.760142000309322,0.24855223419888003
0.0689314725460189,-0.4430401323515954,0.24022249344754673,0.5886158278813591,0.11757304725879235,0.7601149880348886,0.2488637994778365
0.06908636765151749,-0.44299880609644265,0.2401427610296321,0.588424459136453,0.1177475677397491,0.7600712708814134,0.24936685698396044
0.06931265818880489,-0.44293828461177165,0.24002631932517102,0.5881442980497001,0.11800242604125405,0.7600071983409393,0.2501015205670691
0.06962185258318615,-0.44285530864858214,0.23986729795788758,0.5877603741425068,0.11835045542482604,0.7599192591052767,0.25110482259304395
0.0700245770310148,-0.44274674478042375,0.23966031200810564,0.5872583710484308,0.11880341738539847,0.7598040386991097,0.25241072962062416
0.07053059527640013,-0.4426095529009868,0.2394004598751258,0.5866244944884449,0.11937200414791135,0.7596581767527134,0.25405015564772027
0.07114882806812908,-0.4424407542091226,0.2390833213914514,0.5858453428106516,0.12006584072866196,0.7594783254505763,0.2560509741594015
0.07188737219959321,-0.4422374005607166,0.23870495605428818,0.5849077837804189,0.12089348695405035,0.7592611105256803,0.25843802995782256
0.07275351903751955,-0.4419965459492919,0.238261901269984,0.583798840833666,0.12186243975748803,0.7590030960030016,0.26123315156288857
0.07375377245401896,-0.44171522076652614,0.23775117052834344,0.5825055915536956,0.12297913601923142,0.7587007537314959,0.26445516481986575
0.07489386609061788,-0.44139040938979784,0.23717025143639295,0.5810150806916613,0.12424895618032736,0.7583504385795925,0.26811990825580434
0.07617877990199337,-0.4410190315461241,0.23651710354596953,0.5793142496292983,0.12567622884286217,0.7579483700068966,0.2722402506687211
0.07761275595039585,-0.4405979278100483,0.23579015590738242,0.5773898837750494,0.1272642365662494,0.7574906205637981,0.27682611141891367
0.07919931344833897,-0.4401238495067804,0.23498830427352474,0.5752285789937447,0.12901522307828475,0.7569731117121958,0.28188448390724363
0.08094126307613797,-0.43959345321067983,0.23411090786651256,0.572816727793715,0.1309304021385805,0.7563916172047559,0.28741946276810215
0.08284072063128366,-0.4390032999525415,0.2331577856035057,0.5701405256349907,0.13300996831617085,0.7557417741081424,0.2934322753636098
0.08489912009741934,-0.4383498591765985,0.23212921166126643,0.5671859973758521,0.13525310997104964,0.7550191014075869,0.2999213182379661
0.08711722625084874,-0.43762951741922174,0.23102591024158778,0.5639390435447317,0.13765802475588004,0.7542190259874015,0.30688219926346
0.08949514695105608,-0.43683859161561067,0.22984904938329673,0.560385505808261,0.14022193797780713,0.753336915644817,0.31430778628045697
0.09203234528773933,-0.4359733468780029,0.22860023365237697,0.5565112507057867,0.1429411241772325,0.7523681186640888,0.32218826309269766
0.09472765177950045,-0.4350300185289184,0.22728149553094593,0.5523022704361957,0.14581093228834485,0.751308009355069,0.3305111937214086
0.09757927683782874,-0.43400483811561,0.22589528531940611,0.5477447992151175,0.1488258147432539,0.7501520388463921,0.33926159584220317
0.10058482372369593,-0.4328940630773624,0.2244444593648175,0.5428254434715619,0.151979360865555,0.7488957903194972,0.3484220243218494
0.10374130223240803,-0.4316940096857274,0.2229322664331334,0.5375313239242862,0.15526433486920152,0.7475350377771086,0.35797266573497677
0.10704514334490334,-0.43040108882967787,0.22136233205376857,0.5318502273720007,0.15867271873394947,0.7460658073599995,0.3678914446711153
0.11049221508016933,-0.4290118441734455,0.219738640682322,0.5257707658506302,0.16219576016926346,0.7444844401603201,0.37815414253863605
0.11407783977372293,-0.42752299217517986,0.21806551555113599,0.5192825406584363,0.16582402580472788,0.7427876554300854,0.38873452943353165
0.11779681299117692,-0.4259314634201889,0.21634759610754287,0.5123763086282834,0.16954745965822568,0.7409726130507656,0.399604509469822
0.12164342426395039,-0.4242344446942076,0.2145898129757472,0.5050441479399024,0.17335544683435805,0.7390369741159588,0.4107342797649663
0.12561147980650433,-0.422429421200671,0.21279736041962294,0.4972796207155018,0.17723688229761467,0.736978958484578,0.42209250304341434
0.12969432734153993,-0.42051421831208435,0.2109756663295252,0.48907792963348173,0.1811802444496187,0.7347973981880168,0.4336464935667355
0.1338848831220172,-0.41848704224001443,0.20913035980548128,0.4804360658285227,0.18517367312083244,0.7324917856216241,0.4453624158267005
0.1381756611973753,-0.41634651901151565,0.20726723646072248,0.47135294542484074,0.18920505146718747,0.7300623155188124,0.4572054951528209
0.14255880492681283,-0.4140917311524405,0.20539222162217544,0.4618295321724067,0.193262091145351,0.7275099197945386,0.46914023909710223
0.14702612069591067,-0.41172225150026437,0.20351133165692548,0.45186894382517173,0.19733242002947388,0.7248362944532787,0.48113066817121
0.1515691137452631,-0.40923817360084397,0.20163063370441028,0.44147654011334314,0.20140367163162043,0.7220439178830982,0.4931405542346724
0.1561790259722567,-0.4066401381847558,0.1997562041418027,0.43065999041719316,0.2054635753006109,0.7191360600002574,0.5051336645739022
0.16084687552077875,-0.4039293552690177,0.19789408615340914,0.41942931954430845,0.20950004620300894,0.7161167818654234,0.5170740094785709
0.16556349792961697,-0.4011076214884615,0.19605024681263936,0.4077969303414787,0.21350127403807734,0.7129909255600146,0.5289260909212729
0.17031958856965237,-0.39817733232682867,0.1942305341161108,0.3957776022301339,0.21745580940835396,0.7097640942858864,0.5406551497859416
0.1751057460637074,-0.39514148898965507,0.1924406344327595,0.38338846513544983,0.22135264676013439,0.7064426228300358,0.5522274089742258
0.17991251635197145,-0.39200369973784066,0.19068603084569272,0.3706489486746037,0.22518130282534424,0.7030335387137827,0.5636103096536362
0.18473043704108935,-0.3887681755809667,0.18897196287037166,0.3575807068731592,0.22893188953761762,0.6995445145193533,0.5747727378979541
0.1895500816569211,-0.3854397203112704,0.1873033880292716,0.34420751907945646,0.23259518046116986,0.6959838120511982,0.585685239013315
0.1943621034101029,-0.38202371494104026,0.18568494575036987,0.33055516813841834,0.23616266985942996,0.6923602191412863,0.5963202169409298
0.19915727808019745,-0.37852609668629184,0.18412092403486943,0.31665129725804875,0.23962662363997184,0.6886829800428008,0.606652116280055
0.2039265456285047,-0.37495333271628134,0.18261522930887455,0.302525247346209,0.24298012154029724,0.6849617204719506,0.6166575846792798
0.2086610501614233,-0.3713123889600607,0.18117135983503135,0.28820787690431565,0.24621709006228315,0.681206368450186,0.6263156135962747
0.2133521778853705,-0.36761069432641963,0.17979238301420902,0.27373136683050586,0.2493323258182019,0.6774270721664546,0.6356076557210228
0.21799159272022423,-0.3638561007508978,0.17848091685524603,0.2591290127023775,0.2523215091139074,0.6736341161199655,0.6445177176879191
0.22257126927045348,-0.36005683953198625,0.17723911583374036,0.24443500727313497,0.2551812077610362,0.6698378368171625,0.6530324270609431
0.22708352289083605,-0.35622147445733093,0.17606866130011423,0.22968421602153005,0.2579088712755272,0.666048539282228,0.6611410729549098
0.23152103662605433,-0.3523588522491153,0.1749707565340755,0.21490035195942758,0.26058155657511917,0.6622527595769926,0.6688320966679607
0.23587688484961075,-0.34847805087552075,0.17394612647843505,0.20014168821108758,0.2630391050736624,0.6585061306602129,0.6761090220703886
0.24014455347640032,-0.34458832628220853,0.17299502212137965,0.18543254673096504,0.26536206018890834,0.6547964492758568,0.6829636576282057
0.2443179566739323,-0.3406990580943565,0.17211722943397065,0.1708082052112857,0.26755116337144413,0.6511331199896716,0.6893958166855978
0.24839145004858174,-0.33681969482638013,0.17131208271000462,0.15630348708145028,0.26960788119136136,0.6475251503158223,0.6954077868662066
0.2523598403343874,-0.33295969911383766,0.17057848209946935,0.14195255361860223,0.27153435327851744,0.6439810945525888,0.7010042206503645
0.256218391661888,-0.32912849345096185,0.16991491507554166,0.12778870716304888,0.27333333549485866,0.6405090048425776,0.7061920055795183
0.25996282853242847,-0.32533540687894397,0.16931948152912923,0.11384420715870225,0.27500813935465007,0.6371163898258296,0.7109801161779429
0.2635893356685108,-0.32158962302566235,0.16878992214491023,0.10015010041762665,0.27656256872360113,0.633810181093147,0.715379449879583
0.26709455495245443,-0.31790012984828386,0.1683236496790497,0.08673606666967797,0.2780008548208501,0.6305967074875938,0.7194026493997334
0.2704755797033104,-0.3142756713774038,0.16791778273150537,0.07363028011198425,0.2793275905199688,0.6274816771480587,0.7230639140963949
0.27372994657518585,-0.31072470170652855,0.16756918158509387,0.06085928732583301,0.2805476648984812,0.6244701670431789,0.7263788029253506
0.2768556253885964,-0.3072553414149524,0.16727448566922082,0.048447901589957265,0.2816661989220281,0.6215666196100708,0.7293640316075751
0.27985100722989015,-0.30387533655684884,0.16703015219814327,0.036419113293909726,0.28268848307234,0.6187748459919471,0.7320372666010843
0.28271489117211124,-0.3005920202957645,0.16683249553151497,0.024794015852791687,0.28361991764012817,0.616098035264546,0.7344169184045698
0.2854464699838465,-0.2974122772127861,0.16667772680835874,0.01359174624829734,0.2844659563083679,0.6135387689540462,0.7365219366222848
0.28804531520063914,-0.2943425102694548,0.16656199341406486,0.002829439077285703,0.28523205355113784,0.6110990400801234,0.7383716090930504
0.2905113619366284,-0.2913886103637232,0.16648141785301387,-0.007477807219320595,0.28592361627139856,0.6087802759070958,0.7399853672363778
0.29284489381228745,-0.28855592837969024,0.16643213561648368,-0.017316953443300316,0.28654596000060245,0.606583363554011,0.741382599600421
0.295046528367693,-0.28584924959990576,0.166410331656126,-0.026677033667373246,0.2871042698866362,0.6045086775999711,0.742582475415294
0.29711720331991126,-0.2832727703230885,0.16641227509702022,-0.035549161917111924,0.28760356660633457,0.6025561088239831,0.7436037797652771
0.29905816400799345,-0.28083007651034303,0.1664343518507429,-0.043926533265465695,0.2880486772568012,0.6007250932372359,0.7444647617993744
0.30087095235002204,-0.27852412426937595,0.1664730948176782,-0.05180442110417653,0.2884442112072316,0.5990146405992526,0.745182997204611
0.3025573976137881,-0.27635722197867985,0.16652521139866902,-0.059180172322973144,0.2887945408309574,0.597423361656138,0.7457752659732952
0.3041196092762588,-0.2743310138518765,0.1665876080689117,-0.06605320205732122,0.2891037869863117,0.5959494933978081,0.7462574463059273
0.30555997221712944,-0.27244646474594325,0.16665741180162208,-0.07242498956261853,0.2893758090747301,0.5945909216997428,0.7466444253066181
0.30688114445862363,-0.27070384602532965,0.16673198816546078,-0.0782990766379825,0.2896141994745447,0.5933452007926666,0.7469500269473642
0.3080860576274103,-0.26910272230628257,0.16680895595809495,-0.08368106986359065,0.2898222821283213,0.592209569088233,0.7471869576008041
0.309177920275146,-0.2676419389212245,0.16688619827876533,-0.08857864773293178,0.29000311504876314,0.591180960979746,0.747366769265856
0.31016022415177563,-0.26631960996084414,0.16696186998557638,-0.0930015735609945,0.2901594965013745,0.5902560143324886,0.7474998404344798
0.3110367534804156,-0.2651331067706316,0.16703440152875956,-0.09696171483816843,0.29029397461909895,0.5894310734768616,0.7475953743673127
0.31181159723441926,-0.26407904679781213,0.16710249919973746,-0.1004730694768762,0.29040886020248186,0.5887021876191817,0.747661414356913
0.31248916436609275,-0.26315328270287225,0.167165141887852,-0.1035517991779083,0.290506242456154,0.5880651046867481,0.7477048753557705
0.3130742018825999,-0.26235089166586223,0.16722157449254332,-0.10621626991926487,0.29058800740546836,0.587515260727095,0.7477315911270105
0.3135718156077596,-0.2616661648302925,0.16727129819902212,-0.10848709935984696,0.29065585872372746,0.5870477650826569,0.7477463758344248
0.31398749340890114,-0.2610925968353614,0.1673140578904643,-0.11038721074872442,0.2907113406773517,0.5866573816623747,0.7477530987202528
0.31432713060556927,-0.26062287538953344,0.1673498270399155,-0.11194189274785303,0.2907558628614434,0.5863385067293062,0.747754770219604
0.3145970572118135,-0.26024887083386505,0.16737879050071527,-0.11317886441534362,0.29079072634912206,0.5860851437171539,0.7477536375257869
0.31480406659604904,-0.2599616256312691,0.1674013256957288,-0.11412834446019478,0.29081715081273085,0.5858908756786637,0.7477512872475908
0.31495544507198453,-0.25975134369732644,0.16741798279315837,-0.11482312377172427,0.2908363020924158,0.5857488360539744,0.7477487523854028
0.3150590018609272,-0.25960737945899715,0.16742946455048863,-0.11529864014961777,0.29084931958666227,0.5856516785271625,0.7477466203962019
0.3151230987896983,-0.2595182264896104,0.16743660660822593,-0.11559305411246233,0.29085734272020547,0.585591546814616,0.7477451386174034
0.3151566790092282,-0.25947150552236087,0.16744035912171087,-0.11574732463595304,0.29086153560789946,0.5855600453014815,0.7477443127767411
0.3151692939363388,-0.2594539515911275,0.16744177073236946,-0.11580528367291365,0.290863108880959,0.5855482115112961,0.747743993731452
0.3151711275345661,-0.2594513999886284,0.16744197599941452,-0.1158137083276195,0.29086333747932264,0.5855464914602155,0.7477439469580657
