0.26180137875530735,-2.0071302025504547,-1.5707948531663871,0.17452802811885001,0.26179560057635787,1.134489595975108,-2.0071263413486826
0.2618082555024713,-2.0071218955321792,-1.5707965013363028,0.17452912802117118,0.2617973233441758,1.134490636830035,-2.0071137881692422
0.2618555650659794,-2.0070647463382976,-1.570807840058627,0.17453669497310167,0.2618091752048101,1.1344977974698465,-2.0070274266439494
0.2619814868502261,-2.0069126359371054,-1.5708380190021096,0.17455683569026664,0.2618407194439541,1.1345168563040555,-2.0067975611293174
0.26222178781806277,-2.006622362768243,-1.5708956071389275,0.17459527132216707,0.26190091097468654,1.1345532255675483,-2.006358897236884
0.26260987296782506,-2.0061535851522123,-1.5709886022629551,0.17465734581876702,0.26199810484513325,1.134611957932091,-2.0056504470621475
0.2631768358570451,-2.005468764487665,-1.5711244398782738,0.17474803438496322,0.2621400637299037,1.1346977528265463,-2.004615433665643
0.2639515091539446,-2.004533108982034,-1.5713100016686263,0.17487195198725358,0.2623339647351708,1.1348149625800885,-2.003201195037797
0.2649605151952763,-2.003314517695407,-1.571551623735145,0.17503336188843455,0.2625864058188916,1.1349675984477527,-2.0013590877747935
0.26622831652983286,-2.00178352470093,-1.571855104771913,0.17523618418715586,0.26290341209519746,1.1351593365740298,-1.9990443906624724
0.26777726642802047,-1.999913243187455,-1.5722257143312799,0.17548400434065065,0.2632904422612021,1.1353935239445265,-1.996216208337829
0.26962765933900745,-1.9976793093571712,-1.5726682013100504,0.17578008165274828,0.2637523953551093,1.1356731843624568,-1.9928373751839275
0.27179778127908844,-1.9950598259877705,-1.5731868027721974,0.17612735771005755,0.2642936180258788,1.136001024486274,-1.9888743595833709
0.2743039601369492,-1.9920353055536177,-1.5737852532029641,0.1765284647534698,0.2649179124674843,1.136379439952445,-1.9842971686453268
0.2771606158846157,-1.98858861281511,-1.574466794273793,0.1769857339732427,0.2656285451442562,1.1368105216079485,-1.9790792534939952
0.2803803106858605,-1.9847049068052358,-1.5752341851787097,0.1775012037194881,0.26642825640855633,1.1372960618697752,-1.9731974151934792
0.2839737988974137,-1.9803715821569623,-1.576089713586682,0.1780766276220023,0.267319271087725,1.1378375612275584,-1.9666317113641563
0.28795007696194636,-1.9755782097305334,-1.5770352072378,0.17871348261618142,0.26830331009422065,1.1384362349021324,-1.9593653635310666
0.29231643319546663,-1.9703164765124077,-1.578072046196151,0.17941297687397798,0.2693816030910162,1.1390930196723326,-1.951384665228056
0.29707849747529497,-1.9645801247709263,-1.5792011757572204,0.18017605764160524,0.2705549022239024,1.1398085808796776,-1.9426788908695773
0.30224029083822224,-1.9583648904635884,-1.5804231199951408,0.18100341898731112,0.2718234969132687,1.1405833196217703,-1.9332402053862499
0.30780427500134794,-1.9516684409020673,-1.581737995922526,0.18189550946498878,0.27318722968049286,1.141417380143135,-1.9230635746107838
0.31377140182076296,-1.9444903116894143,-1.583145528225557,0.18285253970074264,0.2746455129681267,1.142310657432943,-1.912146676388617
0.3201411627052201,-1.9368318429521885,-1.5846450645280274,0.18387448991110117,0.2761973468988682,1.1432628050385603,-1.9004898123783198
0.3269116380035255,-1.928696114897563,-1.5862355911306794,0.18496111736261528,0.2778413379057612,1.1442732431034024,-1.8880958204986615
0.33407954638522486,-1.92008788273147,-1.5879157491668379,0.18611196378340586,0.279575718155296,1.1453411666376028,-1.8749699879711632
0.3416402942345996,-1.9110135109795758,-1.5896838511112834,0.18732636273767322,0.28139836567602033,1.146465554029191,-1.8611199649011256
0.3495880250777386,-1.9014809072576906,-1.5915378975770251,0.18860344697446338,0.2833068250979798,1.1476451758026003,-1.8465556783349997
0.35791566906178035,-1.8914994555422688,-1.5934755943338934,0.1899421557618682,0.28529832890266643,1.148878603630316,-1.8312892467277078
0.36661499250431706,-1.8810799489950627,-1.595494369483535,0.19134124221746424,0.2873698190791846,1.1501642196021793,-1.8153348947502381
0.3756766475294275,-1.8702345223992365,-1.597591390727078,0.19279928064537352,0.2895179690799415,1.15150022575462,-1.798708868366364
0.3850902218051129,-1.8589765842662556,-1.59976358266492,0.19431467388940837,0.29173920596824454,1.1528846538606055,-1.781429350105209
0.3948442883948532,-1.8473207486753054,-1.6020076440716529,0.1958856607111359,0.294029732650672,1.1543153754778612,-1.7635163744570346
0.4049264557340336,-1.835282766908081,-1.6043200650939142,0.19751032320045614,0.2963855500887941,1.155790112250829,-1.7449917433190567
0.41532341773980863,-1.8228794589433366,-1.6066971443238076,0.1991865942254189,0.29880247938778204,1.1573064464581542,-1.7258789414200066
0.42602100406090954,-1.8101286448760188,-1.6091350057061127,0.20091226492677047,0.3012761836633246,1.1588618317946546,-1.706203051653143
0.43700423047185194,-1.7970490763267553,-1.6116296152427827,0.20268499226182027,0.30380218959318434,1.160453604372464,-1.685990670250718
0.4482573494141574,-1.7836603679070087,-1.614176797464113,0.2045023066008619,0.3063759085653169,1.1620789939232747,-1.6652698217343782
0.4597639006853651,-1.7699829288055995,-1.6167722516410477,0.20636161937863484,0.3089926573407929,1.1637351351789698,-1.6440698735803727
0.47150676227502314,-1.7560378945616057,-1.6194115677183594,0.20826023080225417,0.31164767815660366,1.1654190794044794,-1.622421450541491
0.4834682013454039,-1.741847059087895,-1.6220902419531436,0.21019533761613424,0.31433615820064464,1.1671278060529742,-1.6003563485715078
0.4956299253533154,-1.7274328070084657,-1.6248036922473763,0.21216404092372698,0.3170532483987289,1.1688582345098424,-1.5779074483020408
0.507973133308174,-1.7128180463716856,-1.6275472731668095,0.2141633540653018,0.3197940814612412,1.1706072358880875,-1.555108628026572
0.5204785671603995,-1.6980261417993618,-1.6303162906418738,0.21619021055028667,0.3225537891448098,1.172371644835271,-1.5319946761498933
0.5331265633130817,-1.683080848130112,-1.6331060163484115,0.2182414720424393,0.3253275186922672,1.1741482713084541,-1.5086012030669809
0.5458971042488512,-1.6680062446126191,-1.6359117017681817,0.22031393639560895,0.3281104484218289,1.175933912271939,-1.484964552438806
0.5587698702627479,-1.6528266697022418,-1.6387285919299142,0.22240434573783122,0.3308978024440752,1.1777253632697193,-1.4611217118385242
0.5717242912908341,-1.6375666565108145,-1.6415519388324942,0.2245093946011311,0.3336848644925659,1.1795194298239275,-1.437110222744979
0.5847395988230302,-1.6222508689564958,-1.6443770145515124,0.22662573809451803,0.33646699086104614,1.1813129386089631,-1.4129680898660602
0.597794877887337,-1.6069040386565745,-1.647199124029791,0.22875000011765836,0.33923962244688066,1.183102748350879,-1.3887336897787859
0.6108691190912278,-1.5915509026019001,-1.6500136175513027,0.2308787816126776,0.34199829590670167,1.1848857604020488,-1.364445678877391
0.6239412707043414,-1.5762161416472822,-1.652815902896098,0.23300866885184812,0.3447386539362274,1.186658928941742,-1.3401429006256977
0.6369902907650021,-1.5609243198470748,-1.6556014571719118,0.23513624175891523,0.3474564546917135,1.1884192707552699,-1.3158642921139676
0.6499951991912543,-1.5456998246600562,-1.6583658383156725,0.23725808226210612,0.35014758037564525,1.190163874546417,-1.2916487899251818
0.662935129875222,-1.530566808042087,-1.6611046962556324,0.23937078267706366,0.35280804501398216,1.191889909740953,-1.2675352353198788
0.6757893827377416,-1.515549128438953,-1.6638137837223173,0.24147095411806993,0.35543400145654924,1.1935946347429056,-1.2435622787526286
0.6885348216294496,-1.5006739868145487,-1.6664921412544285,0.2435640427252258,0.35806795688607446,1.1952465114340876,-1.2197257613525978
0.7011567871468452,-1.4859575036222281,-1.6691291919114175,0.2456284580357166,0.36061294147659967,1.196904118714745,-1.196148222858628
0.7136324848914269,-1.471425617463698,-1.671724449905354,0.2476703895294138,0.36311276590786423,1.1985327176267229,-1.1728251547895572
0.7259423976357247,-1.457100449004253,-1.6742741802269863,0.24968660841170687,0.36556419528596446,1.2001299914174253,-1.1497934777910406
0.7380674329162183,-1.4430035487831079,-1.6767747988979491,0.25167394715680036,0.3679641584541267,1.2016937442979778,-1.1270894347232467
0.7499889742736858,-1.429155844517268,-1.679222881302698,0.25362930805780265,0.3703097511765924,1.2032219059337086,-1.1047484916641
0.7616889322513412,-1.415577589203585,-1.6816151700387987,0.255549671797638,0.37259823885612714,1.204712535273342,-1.082805238448648
0.7731497951205553,-1.4022883099747443,-1.6839485822680438,0.2574321060398996,0.37482705883992695,1.2061638237281194,-1.0612932887872097
0.7843546793055105,-1.3893067576576215,-1.6862202165539704,0.25927377403867224,0.3769938223705638,1.2075740977199998,-1.040245180008117
0.7952873794806811,-1.3766508569750093,-1.6884273591757983,0.26107194326610045,0.37909631624025814,1.2089418206263425,-1.0196922724735231
0.8059324183184206,-1.364337657324867,-1.6905674899143164,0.26282399405636514,0.3811325042083153,1.210265594156265,-0.9996646487197114
0.8162750958683854,-1.3523832840642096,-1.69263828731227,0.2645274282642686,0.3831005282427499,1.2115441592023877,-0.9801910123750158
0.826301538555872,-1.3408028902190101,-1.6946376334195123,0.2661798779365956,0.38499870964836247,1.2127763962183422,-0.9612985869117541
0.8359987477925624,-1.3296106085351702,-1.6965636180426122,0.2677791139938335,0.3868255501441758,1.2139613251807606,-0.9430130142889248
0.8453546482003126,-1.3188195037810515,-1.6984145425283323,0.2693230549196852,0.38857973295381726,1.2150981052002832,-0.9253582535449537
0.8543581354566819,-1.3084415252075157,-1.700188923121209,0.27080977545542356,0.3902601239726111,1.2161860338525161,-0.9083564794001535
0.8629991237793585,-1.2984874590681577,-1.7018854939465216,0.27223751529580403,0.39186577307501214,1.2172245463049267,-0.8920279809294149
0.871268593075671,-1.28896688109978,-1.7035032096812877,0.2736046877829622,0.39339591562542703,1.218213214320157,-0.8763910603652152
0.8791586357922946,-1.2798881088622318,-1.7050412479866726,0.27490988859456666,0.3948499742546287,1.2191517452188017,-0.8614619320915041
0.88666250350921,-1.271258153835828,-1.7064990117859815,0.2761519044220595,0.3962275609622203,1.2200399808879019,-0.8472546218864497
0.8937746533302278,-1.2630826731763443,-1.70787613148131,0.27732972163495173,0.3975284796039147,1.2208778969209746,-0.833780866472051
0.900490794129927,-1.255365921029342,-1.7091724672101316,0.2784425349268572,0.39875272881963203,1.221665601975837,-0.8210500134252311
0.9068079327231872,-1.248110699309291,-1.710388111249072,0.279489755938978,0.3999005054553228,1.2224033374344478,-0.8090689215024549
0.9127244200282693,-1.2413183078539651,-1.7115233906759446,0.28047102185686584,0.40097220852771365,1.2230914774458255,-0.7978418614264408
0.9182399972974297,-1.234988493870972,-1.7125788704023006,0.28138620397644765,0.40196844377683405,1.2237305294282352,-0.7873704171796974
0.9233558424901003,-1.229119400600515,-1.7135553566874577,0.28223541623541726,0.40289002884599745,1.224321135101781,-0.7776533878437867
0.9280746168623266,-1.2237075151281576,-1.7144539012399935,0.28301902370666226,0.4037379991234899,1.2248640721139885,-0.7686866900192721
0.9324005118427161,-1.2187476152910888,-1.715275806005336,0.2837376510505844,0.4045136142735741,1.2253602563135335,-0.7604632608537419
0.9363392962592397,-1.2142327156332846,-1.716022628727077,0.2843921909237762,0.4052183654774136,1.2258107447168765,-0.7529729616990712
0.9398983639729749,-1.2101540123783419,-1.7166961893555015,0.2849838123422683,0.40585398339679624,1.226216739200959,-0.7462024824123541
0.9430867819648255,-1.206500827402005,-1.7172985773605864,0.2855139689978392,0.4064224468644294,1.226579590944531,-0.7401352463045693
0.9459153389088009,-1.203260551203567,-1.7178321599863595,0.2859844075273192,0.4069259922957298,1.2269008056247137,-0.7347513157356059
0.9483965942521771,-1.2004185848898687,-1.7182995914631805,0.28639717573474266,0.40736712380558815,1.2271820493649521,-0.7300272983396155
0.9505449278075947,-1.1979582812060765,-1.7187038231695133,0.28675463076810587,0.40774862400311374,1.2274251554113973,-0.7259362538593958
0.9523765898467972,-1.195860884664762,-1.7190481147110113,0.2870594472527253,0.40807356542402584,1.2276321315020204,-0.7224476015528738
0.9539097516697855,-1.194105470846165,-1.7193360458583293,0.2873146253845795,0.40834532254696804,1.2278051678748418,-0.7195270281241779
0.9551645566071709,-1.1926688849640565,-1.7195715292588059,0.28752349898809193,0.40856758432493223,1.227946645844699,-0.7171363961181472
0.9561631713983547,-1.1915256798143665,-1.719758823810907,0.2876897435438859,0.40874436714662293,1.2280591468607536,-0.7152336527019901
0.9569298378734595,-1.1906480532481167,-1.719902548563868,0.28781738419340386,0.40888002812490487,1.228145461938258,-0.7137727387429057
0.9574909248534637,-1.1900057853358066,-1.7200076969792777,0.2879108037286051,0.40897927859035377,1.228208601339432,-0.7127034980738459
0.9578749801707058,-1.1895661754164457,-1.7200796513664969,0.2879747505761022,0.40904719764693076,1.2282518043601725,-0.7119715868203892
0.9581127827009813,-1.1892939792518487,-1.7201241972797046,0.28801434678620447,0.4090892456242247,1.2282785490609334,-0.7115183826410187
0.9582373942875585,-1.1891513465391619,-1.7201475376384727,0.28803509604003275,0.4091112772380981,1.2282925617553466,-0.7112808937190486
0.9582842114284996,-1.1890977590638578,-1.7201563063107055,0.28804289168874586,0.4091195542459661,1.228297826052135,-0.711191667318509
0.958291016590635,-1.1890899698023203,-1.720157580876144,0.28804402483835084,0.40912075735712894,1.2282985912349786,-0.7111786976754889
