0.06876367651427942,-0.4430848084350142,0.2403088927030997,0.5888183198056093,0.11738923773679878,0.7601673068901429,0.24831113277551597
0.06876641690658722,-0.44308408040533753,0.24030748154639436,0.5888149385713488,0.11739233991153455,0.7601665378900268,0.2483200380911778
0.06878526983421443,-0.44307907112713146,0.2402977734855977,0.5887916741172577,0.11741368127631413,0.7601612464715604,0.24838130223940894
0.06883544989897228,-0.4430657322473023,0.24027193561541366,0.5887297285800922,0.11747048047670046,0.7601471542643234,0.24854435573240272
0.0689312105058667,-0.4430402533742852,0.24022263495294296,0.5886114206823274,0.11757885555026398,0.7601202282470056,0.2488554736780812
0.06908586412546207,-0.44299903908875166,0.24014303303149492,0.5884200905372392,0.11775383417756143,0.7600766504170438,0.2493578093411907
0.06931180257247388,-0.4429386816165668,0.24002678174919798,0.5881399872319811,0.11800936078284495,0.7600127814584021,0.2500914196973823
0.06962051723453089,-0.4428559305812059,0.2398680201365346,0.5877561449376245,0.11835830136479268,0.7599251204648416,0.2510932852001397
0.07002261917077948,-0.4427476611059184,0.23966137176749183,0.5872542527418237,0.11881244679490374,0.7598102625964182,0.2523973256126388
0.07052785898851388,-0.4426108413968051,0.23940194259391678,0.5866205228719695,0.1193825151914733,0.7596648563739107,0.2540344134214506
0.07114514639876465,-0.4424425008063595,0.23908531903017566,0.5858415614703719,0.12007815386387002,0.7594855621466873,0.25603238605561535
0.07188256934969922,-0.44223969925271484,0.23870756615427774,0.5849042455956321,0.12090794122735511,0.7592690131025394,0.2584160578885582
0.07274741264020555,-0.4419994987526709,0.2382652259217583,0.5837956096543738,0.12187938901399101,0.7590117800223134,0.26120723280417313
0.07374617592518701,-0.4417189377163287,0.23775531530982638,0.5825027440140521,0.12299894505020756,0.7587103408174293,0.2644247179620996
0.07488459103863357,-0.44139500854761954,0.23717532432194477,0.5810127081102627,0.12427199683547763,0.7583610557246003,0.2680843392986083
0.07616763857991768,-0.44102463899785477,0.23652321378786972,0.5793124599405853,0.12570287613762898,0.7579601488695829,0.27219895924473214
0.07759956373230356,-0.4406046776282867,0.23579741289215814,0.577388803431372,0.12729486481636962,0.7575036967510751,0.2767784971270815
0.07918389130949673,-0.4401318836521039,0.23499681635643296,0.5752283547739347,0.1290502020949571,0.7569876240374493,0.2818299527329557
0.08092344005528163,-0.4396029213458358,0.2341207811885354,0.57281752845202,0.13097009351757768,0.7564077069135444,0.2873574335629922
0.0828203362518964,-0.43901435914426357,0.2331691228964389,0.5701425433231581,0.1330547218537494,0.7557595840628285,0.2933621863543475
0.08487602672378003,-0.4383626734611679,0.23214211104783042,0.5671894487721745,0.13530326023766717,0.7550387752226321,0.2998426335277935
0.08709129135369906,-0.43764425721008415,0.23104046403895184,0.5639441706258133,0.13771388785660213,0.7542407071075244,0.30679441528574874
0.08946625525704582,-0.4368554329342859,0.22986534291992466,0.5603925762030453,0.14028380852523348,0.753360746359103,0.3142104381579724
0.09200040078639213,-0.4359924703931695,0.22861834410962087,0.5565205575766159,0.14300927249922407,0.7523942390503588,0.3220809308507518
0.09469257956133209,-0.43505160839282897,0.2273014908222771,0.552314131838281,0.14588560188894187,0.7513365561503601,0.3303935082978233
0.09754102473749104,-0.4340290805918736,0.22591722302147046,0.5477595568940745,0.14890722003083656,0.7501831442413763,0.3391332448316112
0.10054336374266724,-0.4329211449594462,0.22446838571561142,0.5428434610682131,0.15206768515789168,0.7489295806769599,0.34828275738720776
0.1036966317168442,-0.43172411651126474,0.22295821541338523,0.5375529845667874,0.15535972868060108,0.74757163227725,0.3578222996152661
0.10699728589585233,-0.43043440290161444,0.22139032456805072,0.5318759306474166,0.15877529834540763,0.7461053165782654,0.36772986771122884
0.11044122117546432,-0.4290485424051304,0.21976868385641846,0.52580092416121,0.16230560647837455,0.7445269645866947,0.3779813186656549
0.11402378708353544,-0.4275632437825204,0.21809760216171292,0.5193175749815746,0.16594118344855077,0.7428332839421072,0.38855050150364734
0.11773980637243495,-0.42597542748980416,0.2163817041591902,0.5124166437136773,0.169671936399012,0.7410214213560486,0.39940940191147406
0.12158359542260633,-0.4242822676619597,0.21462590543892432,0.5050902069918729,0.17348721319558033,0.7390890231833922,0.41052830044755406
0.12554898662094022,-0.42248123427985335,0.21283538514100808,0.49733181962310447,0.1773758714357684,0.737034292986737,0.42187594430627856
0.12962935284518262,-0.42057013491475037,0.21101555612371475,0.48913667082496026,0.1813263522461509,0.7348560449803485,0.43341973235100756
0.133817634148434,-0.41854715543828086,0.20917203273398927,0.4805017318400056,0.18532675847807156,0.7325537522866665,0.44512591286229486
0.13810636669663376,-0.41641089908804485,0.20731059630084642,0.4714258922849266,0.18936493679257257,0.7301275890057903,0.45695979316510704
0.14248771396763296,-0.4141604232905662,0.20543715852461622,0.46191008271486766,0.19342856300913933,0.7275784651862495,0.4688859600113711
0.14695350017395123,-0.4117952736642981,0.20355772298718303,0.45195738105016203,0.19750522998283454,0.7249080538928554,0.4808685093089163
0.1514952458236687,-0.409315514655937,0.20167834505902496,0.44157310072349276,0.20158253717416996,0.7221188096931158,0.49287128351250264
0.15610420528615632,-0.4067217563032408,0.1998050905266339,0.43076485865831665,0.20564818098899934,0.7192139780255947,0.5048581147348188
0.16077140618265562,-0.4040151766664687,0.1979439933074255,0.41954262148094074,0.20969004489496332,0.7161975950692476,0.5167930714027372
0.16548769037716896,-0.4011975395278218,0.19610101265729826,0.4079187286946378,0.21369628826929418,0.7130744778991881,0.5286407060838936
0.17024375630181274,-0.3982712070229623,0.19428199030743726,0.39590789189918285,0.21765543290238226,0.7098502048881418,0.5403663019473779
0.17503020231373512,-0.39523914693970835,0.19249260799080548,0.38352716951676197,0.22155644607407493,0.7065310864902928,0.5519361152056756
0.17983757074884,-0.3921049344950262,0.1907383458342536,0.37079591687805263,0.22538881913628717,0.7031241267213307,0.5633176108176277
0.184656392311695,-0.3888727484809899,0.18902444209872943,0.35773571192238596,0.22914264057646913,0.6996369758211491,0.5744796887174198
0.1894772304218207,-0.38554736175182913,0.18735585474737318,0.3443702571648142,0.23280866260137215,0.6960778747497002,0.5853928978745309
0.1942907251245367,-0.38213412610586356,0.18573722530924183,0.33072525897187954,0.23637836036829007,0.6924555923179837,0.5960296355846176
0.19908763617004344,-0.37863895169630624,0.1841728454852029,0.31682828555820985,0.23984398309961186,0.6887793558912781,0.606364329540545
0.2038588848675615,-0.3750682811819133,0.18266662691256866,0.30270860545930167,0.24319859644364625,0.6850587767171428,0.616373600433647
0.20859559433210514,-0.37142905890065914,0.18122207446695915,0.2883970085441141,0.24643611558711206,0.681303771023594,0.6260364030838558
0.21328912775959027,-0.36772869541550557,0.17984226343451992,0.2739256118972672,0.24955132877890807,0.6775244781008338,0.6353341443882754
0.21793112439107848,-0.363975027839624,0.17852982083599647,0.25932765311865263,0.25253991108677215,0.673731176621474,0.6442507767046163
0.2225135328584516,-0.36017627639796346,0.1772869111274507,0.24463727375325361,0.2553984283740803,0.6699342004683978,0.6527728656411772
0.22702864164100103,-0.3563409977219777,0.1761152264418508,0.2298892956724456,0.2581243316490093,0.6661438553261673,0.6608896316005944
0.23146910640446736,-0.3524780354039913,0.1750159814727009,0.21511318724549924,0.2607553213289973,0.6623585198701527,0.6685911831808095
0.23582797404006192,-0.3485964683567573,0.17398991303664538,0.2003558365675584,0.26321088858070424,0.6586109971622307,0.675876557740274
0.2400987032699561,-0.34470555753213783,0.17303728428791054,0.18564713473786926,0.26553131114357936,0.6549000742844003,0.6827401825499052
0.24427518173663973,-0.34081469155072824,0.17215789349480182,0.1710223498263371,0.2677173461559055,0.6512351678428717,0.6891817863175025
0.24835173954537226,-0.33693333178206913,0.17135108722842426,0.1565163053803759,0.26977047942257376,0.6476253003733,0.6952035708327343
0.2523231592807261,-0.33307095739353865,0.17061577775740147,0.14216317251681804,0.27169287333011183,0.6440790439750713,0.7008101027195165
0.2561846825689564,-0.3292370108559466,0.1699504643905357,0.1279962729639642,0.27348730995067555,0.6406044711295434,0.7060081847770008
0.2599320133067865,-0.3254408443563114,0.16935325846283547,0.1140478947798225,0.2751571303486082,0.6372091130761909,0.7108067089773872
0.26356131772333674,-0.3216916675244949,0.1688219116197032,0.10034912215444212,0.2767061711192914,0.6338999259602516,0.7152164933884858
0.26706922148469253,-0.31799849683152726,0.16835384701974748,0.08692968036893398,0.2781386991840836,0.6306832648065357,0.7192501054432388
0.27045280408938954,-0.3143701069649607,0.16794619304887323,0.07381779663956163,0.27945934583844334,0.6275648652202351,0.7229216740864377
0.27370959083742097,-0.31081498443176164,0.16759581911710902,0.061040077230373135,0.2806730410046884,0.624549832570096,0.7262466933911338
0.2768375426849209,-0.30734128358343143,0.16729937309494436,0.04862140087983135,0.2817849485786045,0.6216426382751039,0.7292418202553966
0.27983504432112905,-0.3039567852025429,0.1670533199375927,0.036584828263315966,0.2828004036829758,0.6188471226953233,0.7319246687668131
0.28270089082353067,-0.30066885773587065,0.16685398104323737,0.02495152691059653,0.2837248525539765,0.6161665040226576,0.7343136037610566
0.2854342732610876,-0.2974844212078995,0.16669757389455672,0.013740710721322498,0.2845637956913758,0.6136033924794639,0.7364275360062815
0.2880347636242542,-0.2944099138007059,0.16658025154120176,0.0029695929771027425,0.2853227348037896,0.6111598090630879,0.7382857213217702
0.2905022994641588,-0.29145126104284064,0.1664981414939123,-0.00734664846026595,0.28600712397878536,0.6088372080229096,0.7399075657922773
0.29283716862201303,-0.2886138475115883,0.16644738361809353,-0.01719489524550514,0.28662232540745414,0.6066365022233176,0.7413124390739565
0.2950399944237068,-0.28590249092039915,0.16642416663543003,-0.026564103552866227,0.2871735698966829,0.6045580905308036,0.7425194976086327
0.2971117217038766,-0.2833214184366847,0.1664247628660295,-0.03544531168591143,0.2876659223121008,0.6026018863652376,0.7435475193751064
0.2990536040087131,-0.2808742450547869,0.16644556087022616,-0.04383164204231191,0.2881042520124053,0.6007673465733323,0.7444147516132957
0.3008671923076276,-0.27856395383478266,0.16648309567819855,-0.05171829918920909,0.2884932082629391,0.5990534998150575,0.7451387727628076
0.3025543255208507,-0.27639287780972854,0.16653407632667583,-0.05910256577312633,0.28883720055394285,0.5974589736999123,0.7457363696646705
0.30411712314329653,-0.27436268336172837,0.16659541045504858,-0.06598379792022771,0.2891403836972808,0.5959820199680249,0.7462234308853108
0.30555798021475683,-0.27247435487034793,0.16666422574804535,-0.07236342168079186,0.28940664753461215,0.5946205370794904,0.7466148568363229
0.30687956485287415,-0.2707281804448559,0.1667378880488014,-0.07824493193952665,0.28963961105937625,0.5933720896526936,0.7469244871821701
0.3080848185284665,-0.26912373856383753,0.16681401600470824,-0.08363389505455214,0.289842620733626,0.592233924277139,0.7471650458496888
0.30917695922280586,-0.2676598854610249,0.16689049214905913,-0.08853795630688632,0.29001875276714173,0.5912029813171004,0.7473481037763886
0.31015948756341094,-0.26633474311384725,0.16696547036446682,-0.09296685304351797,0.290170819118689,0.5902759024179602,0.7474840593563428
0.31103619598888277,-0.2651456877101563,0.16703737971963203,-0.09693243418539522,0.29030137697544584,0.5894490335261737,0.7475821363596871
0.3118111809443861,-0.2640893384876621,0.1671049247196504,-0.10044868655215033,0.2904127414642079,0.5887184233351708,0.747650398910441
0.3124888580575027,-0.26316154685876864,0.16716708206210643,-0.10353176823288147,0.2905070013442907,0.5880798171722135,0.7476957829031918
0.313073980189512,-0.2623573857493592,0.1672230940471041,-0.106200049012427,0.2905860374243485,0.5875286464441021,0.7477241430175533
0.3135716581996183,-0.2616711390925398,0.16727245884960812,-0.10847415765022145,0.29065154343093824,0.5870600138617011,0.7477403142455192
0.31398738419937977,-0.26109629142612867,0.16731491792742648,-0.11037703560930229,0.290705049032737,0.5866686747636453,0.7477481865762332
0.3143270570115673,-0.2606255175446489,0.16735044090824452,-0.11193399665097004,0.2907479446884951,0.5863490149571776,0.7477507911810618
0.314597009481985,-0.26025067215171366,0.16737920837472053,-0.11317279155056416,0.29078150793671065,0.5860950255882522,0.7477503961051516
0.31480403722444245,-0.25996277944604057,0.16740159304804642,-0.11412367705536398,0.2908069306788128,0.5859002756428399,0.7477486090967842
0.3149554283080482,-0.25975202255331664,0.16741813995782856,-0.11481948809941142,0.29082534692395545,0.5857578827664571,0.7477464847902046
0.3150589933223153,-0.2596077326863004,0.16742954627985873,-0.11529571221363202,0.29083786036153536,0.5856604831690063,0.7477446329996099
0.3151230951790457,-0.2595183778769523,0.16743664162343072,-0.11559056502240878,0.29084557100726505,0.585600201457231,0.7477433243811065
0.3151566779304221,-0.25947155107747316,0.1674403696564094,-0.11574506569719437,0.2908496000306786,0.5855686213084589,0.7477425891760192
0.31516929379978426,-0.25945395737295085,0.16744177206933109,-0.11580311123841945,0.2908511117181821,0.5855567579683427,0.7477423041646122
0.3151711275345658,-0.25945139998862826,0.1674419759994144,-0.11581154846975901,0.29085133135883595,0.5855550336248434,0.747742262336721
